iPhone Sensor Log from Crossbow started at Dec 16, 2011 19:59:13 Pacific Standard Time.
ElapsedTime(s) xMag(uT) yMag(uT) zMag(uT) xAccel(g) yAccel(g) zAccel(g) latitude(deg) longitude(deg) altitude(m) xRate(rad/sec) yRate(rad/sec) zRate(rad/sec) roll(rad) pitch(rad) yaw(rad)
0.04 2.8 -22.5 -28.3 0.06 -0.03 -1.00 0 0 0 0.0569 0.0775 0.0915 0.067 0.035 2.582
0.07 2.8 -22.5 -28.3 0.06 -0.05 -1.01 0 0 0 0.0134 -0.0120 -0.0441 0.068 0.037 2.582
0.10 2.0 -21.7 -26.5 0.08 -0.03 -1.01 0 0 0 -0.0035 0.0448 -0.0680 0.068 0.036 2.580
0.13 2.0 -21.7 -26.5 0.08 -0.04 -1.00 0 0 0 -0.0956 -0.0850 0.0142 0.068 0.035 2.579
0.16 2.4 -22.5 -26.0 0.06 -0.03 -1.02 0 0 0 -0.0640 -0.1935 -0.0075 0.064 0.032 2.579
0.19 2.4 -22.5 -26.0 0.07 -0.03 -1.03 0 0 0 -0.0595 -0.0815 -0.0279 0.059 0.030 2.578
0.22 2.8 -22.5 -25.7 0.06 -0.03 -1.01 0 0 0 -0.0116 -0.0762 -0.0187 0.057 0.029 2.576
0.25 2.8 -22.5 -25.7 0.04 -0.03 -0.99 0 0 0 0.0519 -0.1253 0.0205 0.053 0.030 2.576
0.28 2.2 -22.9 -26.1 0.04 -0.05 -0.98 0 0 0 0.0615 -0.1288 0.0182 0.049 0.032 2.576
0.32 2.2 -22.9 -26.1 0.05 -0.04 -0.97 0 0 0 0.0649 -0.0043 -0.0349 0.045 0.034 2.575
0.35 2.1 -23.0 -25.8 0.04 -0.04 -0.94 0 0 0 0.0863 -0.0383 0.0401 0.045 0.036 2.574
0.38 2.1 -23.0 -25.8 0.03 -0.03 -0.94 0 0 0 0.0265 -0.0510 0.0070 0.042 0.037 2.575
0.41 2.1 -23.1 -25.7 0.03 -0.05 -0.94 0 0 0 -0.0250 -0.0632 0.0194 0.042 0.037 2.575
0.44 2.1 -23.1 -25.7 0.02 -0.04 -0.92 0 0 0 0.0162 -0.1379 -0.0270 0.037 0.037 2.574
0.47 2.5 -22.6 -25.9 0.04 -0.02 -0.93 0 0 0 -0.0629 -0.1204 -0.0546 0.034 0.036 2.572
0.50 2.5 -22.6 -25.9 0.02 -0.02 -0.91 0 0 0 -0.1404 0.0115 0.0278 0.031 0.031 2.571
0.53 1.4 -22.3 -26.0 0.02 -0.05 -0.92 0 0 0 -0.0948 -0.0793 0.1171 0.029 0.029 2.573
0.57 1.4 -22.3 -26.0 0.05 -0.03 -0.93 0 0 0 -0.1195 -0.0521 -0.0547 0.026 0.026 2.574
0.60 0.4 -21.8 -26.2 0.03 0.01 -0.94 0 0 0 -0.1373 -0.1313 -0.0134 0.025 0.019 2.571
0.63 0.4 -21.8 -26.2 0.04 -0.02 -0.94 0 0 0 -0.0489 -0.1689 0.0973 0.020 0.017 2.572
0.66 1.4 -21.6 -26.2 0.04 -0.04 -0.96 0 0 0 -0.2293 0.1396 -0.0346 0.020 0.013 2.573
0.69 1.4 -21.6 -26.2 0.03 -0.02 -0.97 0 0 0 -0.1859 0.0481 -0.0040 0.024 0.008 2.572
0.72 1.7 -22.1 -25.8 0.00 0.00 -0.95 0 0 0 0.0579 -0.1680 0.0693 0.021 0.006 2.573
0.75 1.7 -22.1 -25.8 0.02 -0.02 -0.94 0 0 0 -0.0552 0.0666 -0.0552 0.018 0.007 2.571
0.78 1.2 -21.9 -26.3 -0.00 -0.03 -0.92 0 0 0 0.0600 -0.1070 0.0908 0.017 0.007 2.571
0.81 1.2 -21.9 -26.3 -0.04 -0.04 -0.94 0 0 0 0.2076 -0.2193 0.1454 0.010 0.013 2.575
0.85 0.6 -21.4 -26.7 -0.01 -0.06 -0.96 0 0 0 0.1055 -0.0036 -0.0099 0.004 0.021 2.575
0.88 0.6 -21.4 -26.7 -0.02 -0.02 -0.97 0 0 0 0.0469 -0.0531 0.0094 0.002 0.022 2.575
0.91 1.4 -22.5 -26.3 -0.02 -0.01 -0.97 0 0 0 0.1492 -0.1282 -0.0277 -0.004 0.027 2.574
0.94 1.4 -22.5 -26.3 0.00 -0.02 -0.99 0 0 0 -0.1476 0.2059 -0.1513 -0.002 0.026 2.570
0.97 2.0 -23.1 -26.3 0.03 -0.02 -1.05 0 0 0 -0.0595 -0.0053 -0.1159 0.002 0.022 2.566
1.00 2.0 -23.1 -26.3 0.02 0.01 -1.01 0 0 0 0.1446 -0.0444 -0.1696 -0.001 0.024 2.561
1.03 1.3 -22.1 -26.7 0.01 -0.04 -1.02 0 0 0 -0.1315 0.2437 -0.0097 0.003 0.023 2.558
1.07 1.3 -22.1 -26.7 0.01 0.01 -1.00 0 0 0 -0.1322 0.1210 -0.0177 0.008 0.019 2.558
1.10 1.4 -21.4 -26.7 0.02 -0.02 -1.06 0 0 0 -0.0245 -0.1422 -0.0603 0.003 0.019 2.555
1.13 1.4 -21.4 -26.7 0.02 -0.02 -1.11 0 0 0 -0.3717 0.1627 -0.1256 0.004 0.012 2.552
1.16 1.2 -20.5 -26.5 -0.02 0.01 -1.06 0 0 0 -0.1537 0.0753 -0.0023 0.008 0.005 2.551
1.19 1.2 -20.5 -26.5 -0.02 0.01 -1.06 0 0 0 0.0302 -0.0339 -0.0329 0.005 0.005 2.550
1.22 1.6 -19.9 -27.3 0.03 0.00 -1.12 0 0 0 -0.3742 0.1479 -0.0929 0.007 -0.001 2.548
1.25 1.6 -19.9 -27.3 0.02 0.03 -1.15 0 0 0 -0.2074 0.0267 -0.0178 0.010 -0.009 2.546
1.28 1.6 -19.7 -28.7 0.01 0.02 -1.14 0 0 0 -0.0514 -0.0136 -0.0163 0.007 -0.012 2.546
1.32 1.6 -19.7 -28.7 0.03 0.05 -1.14 0 0 0 -0.2040 0.1150 -0.0653 0.008 -0.016 2.544
1.35 1.3 -19.2 -28.7 -0.01 0.04 -1.18 0 0 0 0.0678 -0.1906 0.0123 0.006 -0.020 2.544
1.38 1.3 -19.2 -28.7 0.02 0.05 -1.13 0 0 0 0.0628 -0.0618 -0.0647 0.002 -0.017 2.542
1.41 0.9 -18.3 -28.0 0.03 0.06 -1.12 0 0 0 -0.0660 0.0399 -0.0258 0.001 -0.017 2.540
1.44 0.9 -18.3 -28.0 0.01 0.07 -1.11 0 0 0 0.1368 -0.1169 0.0703 -0.000 -0.019 2.542
1.47 0.0 -18.7 -27.8 0.01 0.04 -1.10 0 0 0 0.0339 -0.0283 -0.0690 -0.002 -0.017 2.541
1.50 0.0 -18.7 -27.8 0.04 0.05 -1.10 0 0 0 -0.0444 0.0448 -0.0200 0.001 -0.020 2.539
1.53 -0.6 -19.8 -27.6 0.03 0.04 -1.07 0 0 0 0.0525 -0.0324 0.0939 0.003 -0.020 2.541
1.57 -0.6 -19.8 -27.6 0.05 0.02 -1.08 0 0 0 -0.0261 -0.0705 -0.0139 0.004 -0.020 2.542
1.60 -0.6 -19.2 -27.9 0.05 0.01 -1.10 0 0 0 -0.0612 0.0261 -0.0111 0.005 -0.022 2.541
1.63 -0.6 -19.2 -27.9 0.01 0.00 -0.97 0 0 0 0.3711 -0.0697 0.2098 0.006 -0.012 2.546
1.66 0.5 -19.6 -27.6 0.04 -0.01 -0.98 0 0 0 0.1862 -0.1459 0.0349 0.003 -0.004 2.549
1.69 0.5 -19.6 -27.6 0.10 0.02 -1.05 0 0 0 0.0534 -0.1134 -0.0756 0.007 -0.004 2.546
1.72 1.2 -20.6 -27.3 0.09 0.03 -1.00 0 0 0 0.2943 -0.1637 -0.0011 0.007 0.001 2.545
1.75 1.2 -20.6 -27.3 0.10 0.03 -1.02 0 0 0 0.1480 -0.1664 0.0115 0.008 0.005 2.544
1.78 1.0 -21.2 -27.0 0.13 0.01 -1.06 0 0 0 -0.0228 0.0773 -0.0747 0.015 0.004 2.541
1.82 1.0 -21.2 -27.0 0.11 0.00 -1.01 0 0 0 0.3396 -0.2054 0.0991 0.016 0.009 2.541
1.85 0.8 -21.9 -27.6 0.11 -0.03 -0.95 0 0 0 0.1605 -0.0279 0.0635 0.016 0.017 2.543
1.88 0.8 -21.9 -27.6 0.14 -0.02 -1.04 0 0 0 -0.1168 -0.0286 -0.1630 0.027 0.016 2.540
1.91 0.4 -22.2 -26.7 0.16 0.04 -1.04 0 0 0 0.1460 -0.1329 -0.1389 0.031 0.013 2.535
1.94 0.4 -22.2 -26.7 0.17 -0.01 -0.97 0 0 0 0.1119 0.1375 0.0804 0.037 0.017 2.534
1.97 0.3 -21.9 -25.6 0.16 -0.02 -1.02 0 0 0 -0.0670 0.0314 -0.0543 0.050 0.014 2.535
2.00 0.3 -21.9 -25.6 0.17 0.01 -0.95 0 0 0 0.1426 -0.0226 0.0287 0.054 0.014 2.534
2.04 -0.1 -21.0 -26.9 0.14 -0.05 -0.92 0 0 0 0.0621 0.1804 0.2246 0.064 0.022 2.539
2.07 -0.1 -21.0 -26.9 0.15 -0.07 -1.00 0 0 0 -0.0798 0.1178 0.0720 0.070 0.023 2.542
2.10 -0.1 -20.0 -27.7 0.12 -0.04 -0.99 0 0 0 0.0753 0.0883 -0.0166 0.076 0.024 2.542
2.13 -0.1 -20.0 -27.7 0.11 -0.06 -0.98 0 0 0 0.0481 0.3123 -0.0082 0.082 0.027 2.541
2.16 -0.4 -20.2 -28.7 0.07 -0.04 -0.96 0 0 0 0.0318 0.1961 -0.0475 0.095 0.029 2.539
2.19 -0.4 -20.2 -28.7 0.08 -0.02 -1.04 0 0 0 -0.0988 0.2733 -0.1230 0.100 0.028 2.537
2.22 -1.9 -20.8 -29.2 0.05 0.00 -1.04 0 0 0 -0.0438 0.2567 -0.0857 0.107 0.022 2.532
2.25 -1.9 -20.8 -29.2 0.02 -0.05 -1.06 0 0 0 -0.0963 0.3538 0.1076 0.110 0.021 2.533
2.28 -1.3 -21.5 -29.8 0.03 -0.03 -1.05 0 0 0 -0.0742 0.2567 0.0593 0.114 0.020 2.535
2.32 -1.3 -21.5 -29.8 0.01 -0.07 -0.98 0 0 0 0.0589 0.1965 0.0853 0.113 0.023 2.536
2.35 -0.8 -21.1 -30.5 -0.03 -0.09 -1.00 0 0 0 -0.0786 0.3547 0.1710 0.118 0.025 2.542
2.38 -0.8 -21.1 -30.5 -0.03 -0.04 -1.05 0 0 0 -0.0643 0.1217 0.0934 0.118 0.025 2.545
2.41 -0.8 -20.4 -31.0 -0.01 -0.01 -1.02 0 0 0 0.0416 0.0846 0.0100 0.109 0.025 2.546
2.44 -0.8 -20.4 -31.0 -0.03 -0.07 -0.99 0 0 0 -0.0490 0.1909 0.1110 0.108 0.025 2.547
2.47 -0.9 -20.5 -31.4 -0.03 -0.07 -0.99 0 0 0 -0.0169 0.2047 0.1692 0.107 0.026 2.551
2.50 -0.9 -20.5 -31.4 -0.05 -0.03 -0.98 0 0 0 0.0462 -0.0338 0.1922 0.097 0.029 2.559
2.53 -0.0 -20.0 -31.9 -0.05 -0.03 -1.01 0 0 0 -0.0619 0.1101 0.1032 0.089 0.029 2.563
2.57 -0.0 -20.0 -31.9 -0.06 -0.03 -1.01 0 0 0 0.0040 0.0358 0.1944 0.085 0.028 2.567
2.60 0.4 -20.1 -31.5 -0.09 -0.03 -0.98 0 0 0 0.0436 -0.0391 0.2462 0.071 0.031 2.575
2.63 0.4 -20.1 -31.5 -0.09 -0.04 -1.03 0 0 0 -0.0051 -0.0049 0.0995 0.064 0.032 2.579
2.66 0.2 -20.9 -30.8 -0.09 -0.01 -1.01 0 0 0 0.1924 -0.0552 0.2209 0.052 0.033 2.585
2.69 0.2 -20.9 -30.8 -0.12 -0.01 -0.96 0 0 0 0.1722 -0.1173 0.2283 0.039 0.037 2.591
2.72 -0.1 -21.4 -30.5 -0.11 -0.02 -1.03 0 0 0 -0.0827 -0.0333 0.0334 0.031 0.037 2.594
2.75 -0.1 -21.4 -30.5 -0.11 0.01 -1.01 0 0 0 0.1317 -0.1207 0.1603 0.023 0.033 2.596
2.78 -0.2 -21.2 -30.2 -0.11 -0.02 -1.03 0 0 0 0.1706 -0.2571 0.1380 0.011 0.037 2.601
2.82 -0.2 -21.2 -30.2 -0.04 -0.00 -1.05 0 0 0 -0.0701 0.1707 -0.0227 0.007 0.035 2.601
