iPhone Sensor Log from Crossbow started at Dec 16, 2011 19:59:42 Pacific Standard Time.
ElapsedTime(s) xMag(uT) yMag(uT) zMag(uT) xAccel(g) yAccel(g) zAccel(g) latitude(deg) longitude(deg) altitude(m) xRate(rad/sec) yRate(rad/sec) zRate(rad/sec) roll(rad) pitch(rad) yaw(rad)
0.04 4.1 -21.7 -28.3 0.09 -0.03 -0.99 0 0 0 -0.0370 0.0027 -0.0347 0.075 0.036 2.442
0.07 3.4 -21.8 -26.9 0.09 -0.04 -1.01 0 0 0 -0.1105 0.0596 0.0159 0.077 0.034 2.441
0.10 3.4 -21.8 -26.9 0.08 -0.03 -0.98 0 0 0 0.0860 -0.2629 0.0019 0.073 0.035 2.441
0.13 3.3 -21.9 -25.8 0.08 -0.03 -1.03 0 0 0 -0.1754 -0.1985 -0.0322 0.065 0.032 2.441
0.16 3.3 -21.9 -25.8 0.06 -0.02 -1.02 0 0 0 -0.1875 0.1450 -0.0025 0.066 0.026 2.440
0.19 3.3 -21.8 -25.4 0.07 -0.03 -1.00 0 0 0 -0.0279 -0.0018 0.0900 0.067 0.024 2.442
0.22 3.3 -21.8 -25.4 0.07 -0.02 -0.99 0 0 0 0.0411 -0.1091 0.0202 0.063 0.026 2.443
0.25 2.5 -22.7 -26.1 0.05 -0.05 -0.97 0 0 0 0.0515 -0.0433 0.0535 0.061 0.027 2.443
0.29 2.5 -22.7 -26.1 0.06 -0.04 -0.95 0 0 0 0.0380 0.0383 0.0505 0.060 0.031 2.446
0.32 2.2 -22.5 -25.8 0.06 -0.05 -0.95 0 0 0 0.0662 -0.0844 0.0148 0.059 0.033 2.447
0.35 2.2 -22.5 -25.8 0.05 -0.04 -0.92 0 0 0 0.1375 -0.2136 -0.0258 0.054 0.036 2.446
0.38 2.0 -22.7 -24.4 0.06 -0.04 -0.94 0 0 0 0.3676 -0.1671 -0.0695 0.048 0.045 2.443
0.41 2.0 -22.7 -24.4 0.02 -0.06 -0.91 0 0 0 0.8448 -0.1331 -0.1319 0.043 0.061 2.439
0.44 1.6 -24.2 -23.6 0.03 -0.09 -0.93 0 0 0 0.6216 -0.2033 -0.0098 0.036 0.091 2.435
0.47 1.6 -24.2 -23.6 0.04 -0.10 -0.95 0 0 0 -0.0991 -0.1097 -0.0020 0.032 0.097 2.435
0.50 1.3 -24.5 -23.8 0.03 -0.10 -0.93 0 0 0 -0.0634 -0.0161 -0.0186 0.029 0.094 2.434
0.54 1.3 -24.5 -23.8 0.02 -0.07 -0.93 0 0 0 -0.1349 0.2328 -0.0453 0.036 0.091 2.432
0.57 1.6 -24.8 -23.8 0.00 -0.08 -0.92 0 0 0 0.0499 -0.2847 0.0863 0.033 0.090 2.433
0.60 1.6 -24.8 -23.8 0.05 -0.15 -0.97 0 0 0 0.0980 -0.2675 0.0007 0.023 0.094 2.434
0.63 2.0 -24.0 -24.0 -0.02 -0.04 -0.92 0 0 0 -0.1993 0.2543 -0.1594 0.028 0.087 2.427
0.66 2.0 -24.0 -24.0 0.05 -0.13 -1.01 0 0 0 0.0317 -0.2059 0.0475 0.028 0.085 2.427
0.69 1.6 -23.6 -23.5 -0.01 -0.05 -0.95 0 0 0 0.0541 -0.1649 -0.2074 0.021 0.087 2.425
0.72 1.6 -23.6 -23.5 0.00 -0.12 -0.97 0 0 0 -0.2183 0.1656 -0.1286 0.025 0.082 2.414
0.75 2.5 -24.1 -23.5 -0.01 -0.12 -0.99 0 0 0 0.1442 -0.1993 0.1116 0.021 0.084 2.416
0.79 2.5 -24.1 -23.5 0.04 -0.03 -0.95 0 0 0 -0.0680 0.3857 -0.4825 0.024 0.085 2.405
0.82 2.8 -23.7 -24.7 0.04 -0.07 -0.99 0 0 0 -0.3808 -0.0525 -0.0370 0.031 0.077 2.397
0.85 2.8 -23.7 -24.7 0.04 -0.07 -0.99 0 0 0 0.2084 -0.5175 0.2202 0.020 0.075 2.402
0.88 1.4 -23.5 -24.7 -0.01 -0.06 -0.88 0 0 0 0.0240 -0.0092 -0.0119 0.012 0.080 2.404
0.91 1.4 -23.5 -24.7 0.05 -0.08 -0.89 0 0 0 -0.4650 0.1183 -0.1494 0.021 0.068 2.399
0.94 1.0 -23.2 -25.6 0.07 -0.03 -0.93 0 0 0 -0.1878 -0.5395 0.0963 0.015 0.058 2.398
0.97 1.0 -23.2 -25.6 0.01 -0.02 -0.92 0 0 0 -0.0903 -0.1259 0.2414 -0.000 0.055 2.406
1.00 0.2 -22.2 -26.6 0.01 -0.07 -0.95 0 0 0 -0.2386 -0.1354 0.1631 -0.001 0.049 2.412
1.04 0.2 -22.2 -26.6 0.03 -0.06 -1.02 0 0 0 -0.0636 -0.4941 0.1763 -0.011 0.046 2.416
1.07 0.5 -21.4 -26.6 -0.07 -0.05 -0.99 0 0 0 -0.0218 -0.0966 0.1747 -0.022 0.045 2.420
1.10 0.5 -21.4 -26.6 -0.01 -0.12 -1.08 0 0 0 -0.3210 0.0742 0.1888 -0.019 0.042 2.425
1.13 0.9 -20.8 -26.6 -0.09 -0.05 -1.02 0 0 0 0.1665 -0.1087 0.1515 -0.025 0.040 2.430
1.16 0.9 -20.8 -26.6 -0.04 -0.08 -1.03 0 0 0 -0.0767 -0.0692 0.0533 -0.027 0.051 2.435
1.19 0.5 -21.3 -26.4 -0.03 -0.08 -1.22 0 0 0 -0.1765 -0.0762 -0.1857 -0.031 0.046 2.433
1.22 0.5 -21.3 -26.4 -0.06 -0.01 -1.12 0 0 0 0.0942 0.1954 -0.0657 -0.029 0.046 2.428
1.25 -0.2 -22.2 -25.6 -0.03 -0.06 -1.16 0 0 0 0.0301 -0.0174 -0.0273 -0.024 0.047 2.428
1.28 -0.2 -22.2 -25.6 -0.03 -0.02 -1.23 0 0 0 -0.0802 -0.0891 -0.2948 -0.027 0.046 2.423
1.32 -0.1 -21.3 -25.6 -0.03 0.00 -1.17 0 0 0 -0.0880 0.2905 -0.1642 -0.022 0.043 2.412
1.35 -0.1 -21.3 -25.6 -0.03 -0.05 -1.11 0 0 0 0.0695 -0.0153 0.0264 -0.018 0.043 2.412
1.38 1.0 -20.7 -25.8 -0.03 -0.01 -1.12 0 0 0 -0.1384 0.0961 -0.2795 -0.018 0.042 2.407
1.41 1.0 -20.7 -25.8 0.01 0.01 -1.09 0 0 0 -0.0191 0.0445 -0.0800 -0.011 0.036 2.398
1.44 1.2 -21.7 -26.3 0.00 -0.02 -1.10 0 0 0 0.0197 -0.0832 -0.0533 -0.013 0.036 2.397
1.47 1.2 -21.7 -26.3 0.04 0.01 -1.13 0 0 0 -0.2984 0.2276 -0.2638 -0.011 0.031 2.392
1.50 1.4 -21.6 -26.4 0.03 0.00 -1.06 0 0 0 0.0992 -0.0756 0.1570 -0.001 0.023 2.387
1.53 1.4 -21.6 -26.4 0.01 -0.03 -1.03 0 0 0 0.0165 -0.0037 0.0779 -0.004 0.025 2.391
1.57 1.4 -21.8 -25.9 0.03 0.01 -1.02 0 0 0 -0.1923 0.1958 -0.0599 0.002 0.020 2.389
1.60 1.4 -21.8 -25.9 0.00 -0.01 -1.02 0 0 0 0.0454 -0.1562 0.2141 0.002 0.016 2.391
1.63 0.9 -21.3 -26.4 0.02 -0.01 -0.99 0 0 0 0.0920 -0.0409 0.1275 -0.001 0.019 2.396
1.66 0.9 -21.3 -26.4 0.07 -0.01 -1.01 0 0 0 -0.2137 0.1501 -0.0528 0.004 0.015 2.396
1.69 0.5 -20.9 -26.9 0.05 0.01 -1.01 0 0 0 0.1355 -0.1941 0.1786 0.005 0.012 2.399
1.72 0.5 -20.9 -26.9 0.06 -0.04 -1.04 0 0 0 -0.1276 0.1170 0.0470 0.006 0.014 2.401
1.75 1.4 -20.6 -27.8 0.08 -0.02 -1.06 0 0 0 -0.0998 0.1016 -0.0043 0.016 0.007 2.400
1.79 1.4 -20.6 -27.8 0.05 -0.03 -0.99 0 0 0 0.3066 -0.2296 0.2926 0.015 0.013 2.404
1.82 0.9 -20.5 -27.3 0.09 -0.03 -0.99 0 0 0 0.0727 0.0287 0.0997 0.014 0.019 2.409
1.85 0.9 -20.5 -27.3 0.07 -0.00 -0.96 0 0 0 0.0356 0.0013 0.0957 0.026 0.016 2.409
1.88 1.2 -20.4 -27.7 0.07 -0.03 -0.98 0 0 0 0.0996 -0.2188 0.1997 0.023 0.019 2.413
1.91 1.2 -20.4 -27.7 0.08 0.01 -0.99 0 0 0 -0.0836 -0.0074 -0.0666 0.024 0.018 2.414
1.94 0.8 -20.5 -27.2 0.12 -0.01 -0.98 0 0 0 -0.0661 0.0123 0.0239 0.028 0.014 2.412
1.97 0.8 -20.5 -27.2 0.13 -0.02 -1.01 0 0 0 0.0930 -0.3305 0.1279 0.026 0.017 2.416
2.00 0.4 -20.1 -27.0 0.16 0.02 -1.00 0 0 0 -0.0991 -0.0428 -0.0778 0.026 0.016 2.416
2.04 0.4 -20.1 -27.0 0.16 -0.01 -1.01 0 0 0 -0.0275 -0.1914 0.1648 0.038 0.009 2.415
2.07 0.8 -20.2 -27.9 0.18 -0.02 -1.05 0 0 0 0.0080 -0.2959 0.0615 0.035 0.010 2.419
2.10 0.8 -20.2 -27.9 0.20 0.02 -1.04 0 0 0 -0.2483 0.1966 -0.1531 0.040 0.005 2.416
2.13 -0.1 -20.5 -29.5 0.18 0.01 -1.06 0 0 0 -0.0852 -0.1243 0.1587 0.052 -0.003 2.416
2.16 -0.1 -20.5 -29.5 0.19 0.01 -1.09 0 0 0 -0.0343 -0.1566 0.0311 0.048 -0.003 2.419
2.19 -0.8 -20.1 -30.5 0.17 -0.02 -0.99 0 0 0 -0.1278 0.4248 0.1157 0.065 -0.011 2.418
2.22 -0.8 -20.1 -30.5 0.15 -0.03 -1.00 0 0 0 0.0556 -0.0539 0.2729 0.074 -0.008 2.425
2.25 -0.5 -20.1 -31.3 0.19 -0.00 -1.09 0 0 0 -0.0364 -0.1621 -0.0538 0.074 -0.007 2.427
2.29 -0.5 -20.1 -31.3 0.09 0.01 -1.08 0 0 0 -0.2057 0.2554 -0.0420 0.080 -0.015 2.423
2.32 -0.2 -19.8 -31.0 0.04 -0.00 -1.01 0 0 0 0.1798 0.1765 0.1692 0.084 -0.013 2.425
2.35 -0.2 -19.8 -31.0 0.08 -0.01 -1.05 0 0 0 0.1180 0.1649 0.0127 0.086 -0.007 2.427
2.38 0.3 -20.1 -30.9 0.09 0.04 -0.99 0 0 0 0.1017 0.1044 -0.0685 0.094 -0.010 2.421
2.41 0.3 -20.1 -30.9 0.03 0.03 -1.03 0 0 0 0.2254 -0.0855 0.0777 0.091 -0.005 2.421
2.44 0.9 -20.9 -31.2 0.01 0.08 -1.05 0 0 0 -0.1216 0.2418 -0.0959 0.091 -0.006 2.420
2.47 0.9 -20.9 -31.2 0.01 0.08 -1.05 0 0 0 -0.0886 0.3339 -0.0274 0.098 -0.015 2.416
2.50 2.4 -20.4 -31.4 -0.05 0.04 -1.00 0 0 0 0.0870 0.2624 0.2227 0.095 -0.015 2.419
2.54 2.4 -20.4 -31.4 -0.06 0.00 -0.92 0 0 0 -0.1118 0.5856 0.1840 0.105 -0.014 2.424
2.57 3.2 -19.5 -31.5 -0.09 -0.03 -0.95 0 0 0 -0.0015 0.1937 0.2245 0.109 -0.015 2.432
2.60 3.2 -19.5 -31.5 -0.10 -0.00 -0.96 0 0 0 0.1173 0.1496 0.2287 0.104 -0.012 2.437
2.63 3.2 -19.6 -31.8 -0.11 0.01 -0.96 0 0 0 -0.0607 0.3632 0.1875 0.097 -0.010 2.443
2.66 3.2 -19.6 -31.8 -0.10 0.02 -0.99 0 0 0 0.0023 0.1065 0.2612 0.095 -0.011 2.449
2.69 3.3 -20.6 -31.5 -0.09 0.01 -1.05 0 0 0 0.1134 -0.1143 0.2404 0.086 -0.009 2.455
2.72 3.3 -20.6 -31.5 -0.08 0.05 -1.03 0 0 0 -0.0184 0.2054 0.2459 0.074 -0.007 2.464
2.75 2.8 -20.4 -30.5 -0.13 0.01 -1.05 0 0 0 0.1105 -0.1024 0.3887 0.067 -0.006 2.472
2.79 2.8 -20.4 -30.5 -0.12 0.00 -1.05 0 0 0 0.1147 -0.1550 0.2593 0.056 -0.001 2.481
2.82 -0.4 -19.7 -30.6 -0.12 0.05 -1.03 0 0 0 -0.0129 0.1320 0.1397 0.049 -0.002 2.485
2.85 -0.4 -19.7 -30.6 -0.08 0.01 -1.05 0 0 0 0.0125 -0.0801 0.2724 0.043 -0.003 2.491
2.88 -2.0 -19.9 -31.9 -0.10 0.01 -0.99 0 0 0 0.2321 -0.1084 0.2291 0.031 0.001 2.498
2.91 -2.0 -19.9 -31.9 -0.07 -0.00 -1.04 0 0 0 -0.1404 -0.0126 0.0714 0.023 0.002 2.505
2.94 -1.4 -20.6 -32.2 -0.06 0.05 -1.03 0 0 0 0.0410 -0.1898 0.1310 0.017 -0.002 2.507
2.97 -1.4 -20.6 -32.2 -0.04 0.01 -1.03 0 0 0 0.0764 -0.0062 0.1089 0.010 -0.000 2.510
3.00 -1.2 -20.8 -31.9 -0.03 0.00 -1.05 0 0 0 -0.1282 -0.0294 0.0083 0.009 -0.004 2.511
3.03 -1.2 -20.8 -31.9 -0.10 0.01 -1.01 0 0 0 0.1067 -0.1722 0.1795 0.000 -0.003 2.513
3.07 -1.8 -20.4 -31.8 -0.03 -0.03 -1.04 0 0 0 0.0223 0.0478 0.0815 -0.004 -0.000 2.516
3.10 -1.8 -20.4 -31.8 -0.07 0.01 -1.04 0 0 0 0.1055 -0.0545 0.0415 -0.006 -0.000 2.517
3.13 -2.0 -20.2 -31.9 0.02 -0.09 -0.85 0 0 0 0.5092 0.0467 0.0067 -0.009 0.009 2.519
