iPhone Sensor Log from Crossbow started at Dec 14, 2011 1:56:16 AM Pacific Standard Time.
ElapsedTime(s) xMag(uT) yMag(uT) zMag(uT) xAccel(g) yAccel(g) zAccel(g) latitude(deg) longitude(deg) altitude(m) xRate(rad/sec) yRate(rad/sec) zRate(rad/sec) roll(rad) pitch(rad) yaw(rad)
0.03 -10.6 -12.0 -25.2 0.05 0.01 -0.97 37.428019 -122.174246 34.0 0.5207 0.0060 0.0595 0.043 -0.005 -0.009
0.06 -10.6 -12.0 -25.2 0.19 -0.08 -1.52 37.428019 -122.174246 34.0 1.3346 0.4652 -0.0489 0.050 0.024 -0.010
0.10 -10.6 -12.4 -24.9 0.14 -0.19 -1.89 37.428019 -122.174246 34.0 3.1510 0.9325 -0.0348 0.071 0.091 -0.014
0.13 -10.6 -12.4 -24.9 0.09 -0.40 -1.77 37.428019 -122.174246 34.0 3.0970 0.9374 -0.9808 0.108 0.182 -0.038
0.16 -10.6 -14.6 -24.9 -0.12 -0.35 -1.97 37.428019 -122.174246 34.0 4.5811 -1.1534 -1.1255 0.105 0.277 -0.082
0.19 -10.6 -14.6 -24.9 0.08 -0.22 -1.86 37.428019 -122.174246 34.0 6.2607 -0.3551 -1.0403 0.105 0.542 -0.169
0.22 -8.1 -20.7 -18.8 0.22 -0.19 -1.63 37.428019 -122.174246 34.0 7.1025 -1.3482 -0.7545 0.112 0.725 -0.223
0.25 -8.1 -20.7 -18.8 0.29 0.04 -1.27 37.428019 -122.174246 34.0 8.1855 -2.5774 -0.7658 0.096 0.936 -0.286
0.29 -6.3 -24.5 -8.8 0.40 0.10 -0.33 37.428019 -122.174246 34.0 7.4355 -2.0076 0.1839 0.082 1.156 -0.345
0.31 -6.3 -24.5 -8.8 0.05 0.04 0.38 37.428019 -122.174246 34.0 6.1801 -2.3230 0.3041 -0.066 1.405 -0.281
0.35 -5.1 -27.7 6.2 0.13 -0.20 0.77 37.428019 -122.174246 34.0 3.8561 -0.1112 -0.6791 -0.265 1.552 -0.111
0.38 -5.1 -27.7 6.2 0.13 -0.20 0.77 37.428019 -122.174246 34.0 1.3719 0.6321 -0.5745 2.844 1.522 3.078
0.41 -5.4 -27.1 12.7 0.12 -0.24 0.57 37.428019 -122.174246 34.0 0.9471 0.2571 -0.0866 2.845 1.494 3.087
0.44 -5.4 -27.1 12.7 -0.05 -0.37 0.75 37.428019 -122.174246 34.0 -0.2831 0.5199 0.2413 3.062 1.473 2.887
0.47 -4.9 -25.9 16.7 -0.02 -0.59 0.35 37.428019 -122.174246 34.0 -0.7764 0.2478 0.0874 3.098 1.492 2.862
0.50 -4.9 -25.9 16.7 0.01 -0.83 0.23 37.428019 -122.174246 34.0 -1.0389 0.1077 0.4120 -3.068 1.516 2.748
0.53 -4.4 -25.2 16.8 -0.06 -1.02 0.00 37.428019 -122.174246 34.0 -1.2254 -0.2229 0.5338 -2.451 1.543 2.127
0.56 -4.4 -25.2 16.8 -0.16 -1.16 -0.24 37.428019 -122.174246 34.0 -1.3472 0.3584 0.0619 -0.834 1.530 0.512
0.60 -5.8 -26.2 14.8 -0.01 -1.21 -0.34 37.428019 -122.174246 34.0 -0.9826 0.5171 -0.2279 -0.399 1.506 0.090
0.63 -5.8 -26.2 14.8 -0.01 -1.16 -0.23 37.428019 -122.174246 34.0 -0.5589 0.2683 -0.0409 -0.257 1.489 -0.042
0.66 -7.5 -27.1 12.2 -0.03 -1.10 -0.14 37.428019 -122.174246 34.0 -0.2974 0.1758 -0.0063 -0.216 1.477 -0.077
0.69 -7.5 -27.1 12.2 -0.02 -1.05 -0.13 37.428019 -122.174246 34.0 -0.2214 0.0773 0.0532 -0.190 1.466 -0.099
0.72 -7.7 -26.5 10.4 -0.02 -1.03 -0.09 37.428019 -122.174246 34.0 -0.1135 0.1485 0.1058 -0.207 1.462 -0.080
0.75 -7.7 -26.5 10.4 -0.01 -1.02 -0.10 37.428019 -122.174246 34.0 -0.1689 0.1506 0.1873 -0.227 1.457 -0.055
0.78 -7.3 -27.2 10.7 -0.07 -1.02 -0.18 37.428019 -122.174246 34.0 -0.1810 0.0813 0.2213 -0.277 1.446 -0.003
0.81 -7.3 -27.2 10.7 -0.08 -1.02 -0.13 37.428019 -122.174246 34.0 -0.0862 0.2191 0.0826 -0.341 1.440 0.066
0.85 -8.2 -27.5 10.4 -0.07 -1.01 -0.10 37.428019 -122.174246 34.0 -0.1814 0.1623 0.0576 -0.350 1.436 0.079
0.88 -8.2 -27.5 10.4 -0.05 -0.98 -0.18 37.428019 -122.174246 34.0 -0.2109 0.0213 0.0716 -0.342 1.428 0.074
0.91 -8.3 -26.9 10.2 -0.06 -0.97 -0.07 37.428019 -122.174246 34.0 0.0114 0.0682 0.1220 -0.365 1.428 0.097
0.94 -8.3 -26.9 10.2 -0.07 -0.97 -0.06 37.428019 -122.174246 34.0 -0.1649 0.0455 0.1603 -0.433 1.432 0.168
0.97 -8.3 -28.0 10.2 -0.09 -0.98 -0.17 37.428019 -122.174246 34.0 -0.3073 -0.0534 0.0491 -0.444 1.419 0.177
1.00 -8.3 -28.0 10.2 -0.07 -0.98 -0.10 37.428019 -122.174246 34.0 -0.1844 0.1646 -0.0745 -0.430 1.415 0.163
1.03 -8.5 -27.5 9.7 -0.07 -1.00 -0.14 37.428019 -122.174246 34.0 -0.3926 0.4867 -0.0492 -0.389 1.409 0.132
1.06 -8.5 -27.5 9.7 -0.05 -1.01 -0.22 37.428019 -122.174246 34.0 -0.4526 0.2665 -0.1439 -0.321 1.393 0.077
1.10 -8.9 -27.1 9.1 -0.00 -1.00 -0.21 37.428019 -122.174246 34.0 -0.3353 0.3938 -0.1938 -0.259 1.384 0.023
1.13 -8.9 -27.1 9.1 0.01 -1.00 -0.22 37.428019 -122.174246 34.0 -0.3350 0.4106 -0.1218 -0.202 1.376 -0.023
1.16 -8.2 -27.5 8.3 0.02 -1.00 -0.24 37.428019 -122.174246 34.0 -0.2619 0.2250 -0.0138 -0.167 1.366 -0.050
1.19 -8.2 -27.5 8.3 -0.01 -0.99 -0.18 37.428019 -122.174246 34.0 -0.1212 0.0362 0.0632 -0.158 1.363 -0.056
1.22 -7.6 -27.5 7.3 -0.04 -1.00 -0.24 37.428019 -122.174246 34.0 -0.1590 0.1398 0.0613 -0.162 1.353 -0.048
1.25 -7.6 -27.5 7.3 -0.05 -0.99 -0.21 37.428019 -122.174246 34.0 0.0100 0.0992 0.0462 -0.166 1.351 -0.041
1.28 -8.0 -28.4 6.8 -0.06 -0.99 -0.24 37.428019 -122.174246 34.0 0.0075 0.1242 0.0533 -0.173 1.350 -0.031
1.31 -8.0 -28.4 6.8 -0.03 -0.99 -0.19 37.428019 -122.174246 34.0 0.0916 0.2370 0.0167 -0.176 1.352 -0.023
1.35 -8.2 -28.3 7.1 -0.04 -0.97 -0.24 37.428019 -122.174246 34.0 0.0148 0.1565 0.0327 -0.173 1.354 -0.020
