iPhone Sensor Log from Crossbow started at Dec 16, 2011 19:51:37 Pacific Standard Time.
ElapsedTime(s) xMag(uT) yMag(uT) zMag(uT) xAccel(g) yAccel(g) zAccel(g) latitude(deg) longitude(deg) altitude(m) xRate(rad/sec) yRate(rad/sec) zRate(rad/sec) roll(rad) pitch(rad) yaw(rad)
0.04 0.8 -23.0 -26.2 0.02 -0.02 -0.98 0 0 0 0.0614 -0.1225 0.0600 0.032 0.049 -1.312
0.07 0.5 -23.0 -24.2 -0.04 -0.11 -1.00 0 0 0 -0.0821 0.0055 0.1750 0.029 0.050 -1.306
0.10 0.5 -23.0 -24.2 0.04 -0.03 -0.97 0 0 0 -0.0959 0.1700 -0.1747 0.029 0.049 -1.306
0.13 0.7 -22.0 -23.8 0.06 0.00 -0.99 0 0 0 -0.1247 -0.0601 -0.2713 0.036 0.043 -1.316
0.16 0.7 -22.0 -23.8 -0.04 -0.03 -1.01 0 0 0 -0.1931 -0.2421 -0.0491 0.029 0.037 -1.321
0.19 0.8 -21.6 -24.1 -0.03 -0.07 -1.03 0 0 0 -0.0715 -0.0170 0.2557 0.023 0.035 -1.317
0.23 0.8 -21.6 -24.1 -0.03 -0.03 -1.02 0 0 0 0.0337 -0.1075 0.0753 0.017 0.034 -1.311
0.25 1.1 -22.1 -23.6 -0.03 -0.03 -1.02 0 0 0 0.0010 0.0180 0.0487 0.015 0.035 -1.310
0.28 1.1 -22.1 -23.6 0.02 -0.05 -1.01 0 0 0 -0.0500 -0.0224 -0.0820 0.017 0.035 -1.311
0.32 0.7 -21.6 -24.3 0.12 -0.02 -1.00 0 0 0 -0.0943 -0.0346 -0.0815 0.023 0.030 -1.317
0.35 0.7 -21.6 -24.3 0.16 -0.01 -0.98 0 0 0 -0.0417 -0.2197 0.1535 0.029 0.029 -1.315
0.38 0.3 -21.7 -24.3 0.21 -0.05 -1.00 0 0 0 -0.1330 -0.1704 0.1659 0.029 0.027 -1.311
0.41 0.3 -21.7 -24.3 0.30 -0.05 -0.99 0 0 0 -0.0501 -0.0949 0.0226 0.041 0.024 -1.309
0.44 -0.2 -21.7 -23.9 0.35 -0.00 -0.94 0 0 0 -0.0076 0.0414 0.0662 0.052 0.022 -1.309
0.47 -0.2 -21.7 -23.9 0.21 -0.03 -0.95 0 0 0 -0.1770 -0.0979 0.3358 0.062 0.021 -1.303
0.50 -0.1 -21.7 -23.8 0.25 -0.10 -1.06 0 0 0 -0.1466 -0.5484 -0.0174 0.052 0.017 -1.294
0.53 -0.1 -21.7 -23.8 0.23 0.12 -1.00 0 0 0 0.2611 -0.3823 -0.2249 0.045 0.013 -1.301
0.57 -0.4 -22.0 -24.5 0.08 0.01 -1.04 0 0 0 0.7906 0.2655 0.2022 0.046 0.038 -1.302
0.60 -0.4 -22.0 -24.5 0.12 -0.08 -0.97 0 0 0 0.2018 0.0991 0.1085 0.051 0.051 -1.298
0.63 -1.4 -22.8 -24.2 0.17 -0.02 -1.04 0 0 0 0.0367 0.1694 -0.3931 0.060 0.050 -1.304
0.66 -1.4 -22.8 -24.2 0.02 0.04 -1.05 0 0 0 0.6477 0.0740 0.1362 0.061 0.058 -1.310
0.69 -1.3 -23.8 -24.0 -0.02 -0.10 -1.00 0 0 0 0.6442 0.1974 0.3335 0.062 0.077 -1.305
0.72 -1.3 -23.8 -24.0 0.02 -0.08 -1.02 0 0 0 0.1176 0.6236 0.3404 0.074 0.087 -1.296
0.75 -1.0 -23.8 -23.4 -0.06 -0.06 -1.02 0 0 0 -0.4951 -0.0112 0.0248 0.074 0.072 -1.287
0.79 -1.0 -23.8 -23.4 -0.08 -0.02 -0.99 0 0 0 -0.4157 0.0201 -0.0948 0.066 0.058 -1.288
0.82 -0.3 -24.4 -23.2 -0.01 -0.01 -1.03 0 0 0 -0.0424 0.0446 0.4304 0.060 0.049 -1.283
0.85 -0.3 -24.4 -23.2 -0.16 -0.06 -1.04 0 0 0 0.4596 0.4714 0.7414 0.066 0.060 -1.261
0.88 -0.5 -23.7 -23.9 -0.21 -0.11 -1.09 0 0 0 0.1804 0.5456 0.6509 0.079 0.071 -1.243
0.91 -0.5 -23.7 -23.9 -0.27 0.04 -1.03 0 0 0 -0.3514 -0.4485 0.5153 0.077 0.067 -1.228
0.94 -2.0 -22.6 -23.6 -0.28 -0.03 -1.05 0 0 0 -0.2179 0.4854 0.7974 0.065 0.057 -1.201
0.97 -2.0 -22.6 -23.6 -0.28 -0.02 -1.02 0 0 0 -0.3797 0.9692 0.6581 0.086 0.050 -1.181
1.01 -1.6 -22.4 -24.2 -0.28 0.01 -0.96 0 0 0 -0.2024 -0.1277 0.4239 0.089 0.038 -1.163
1.04 -1.6 -22.4 -24.2 -0.26 -0.13 -1.05 0 0 0 0.2289 0.0350 0.3302 0.069 0.042 -1.153
1.07 -1.8 -22.6 -24.6 -0.20 -0.04 -1.05 0 0 0 -0.1124 -0.1743 0.1012 0.055 0.047 -1.147
1.10 -1.8 -22.6 -24.6 -0.20 -0.00 -1.02 0 0 0 -0.2346 -0.1942 0.1153 0.027 0.032 -1.145
1.13 -2.0 -22.7 -24.1 -0.15 -0.10 -1.00 0 0 0 0.0995 0.2956 0.3776 0.019 0.033 -1.138
1.16 -2.0 -22.7 -24.1 -0.09 -0.06 -1.00 0 0 0 0.1469 0.2933 0.2039 0.017 0.041 -1.129
1.19 -2.7 -21.8 -24.3 -0.09 -0.06 -1.00 0 0 0 -0.1391 -0.3330 0.0198 0.006 0.039 -1.128
1.22 -2.7 -21.8 -24.3 -0.08 -0.01 -1.01 0 0 0 -0.0082 0.1588 0.1259 -0.003 0.039 -1.126
1.25 -3.4 -22.2 -24.6 -0.07 -0.10 -1.02 0 0 0 -0.0181 0.1121 0.2515 -0.001 0.041 -1.121
1.29 -3.4 -22.2 -24.6 -0.02 -0.02 -0.99 0 0 0 0.1626 -0.1021 -0.1133 -0.008 0.045 -1.121
1.32 -3.1 -22.8 -24.6 -0.04 -0.05 -1.02 0 0 0 -0.1939 -0.1023 0.0281 -0.012 0.044 -1.123
1.35 -3.1 -22.8 -24.6 -0.03 -0.05 -1.03 0 0 0 0.0895 0.0622 0.0438 -0.015 0.041 -1.121
1.38 -3.7 -22.6 -24.2 -0.03 -0.04 -1.02 0 0 0 0.1351 0.1910 -0.0873 -0.012 0.046 -1.122
1.41 -3.7 -22.6 -24.2 0.00 -0.05 -0.99 0 0 0 -0.0972 0.0988 -0.0593 -0.007 0.045 -1.125
1.44 -3.8 -22.5 -24.2 0.01 0.02 -0.97 0 0 0 0.0402 -0.0545 -0.1259 -0.006 0.042 -1.128
1.47 -3.8 -22.5 -24.2 -0.02 -0.04 -0.92 0 0 0 0.0949 0.2663 0.0190 -0.003 0.045 -1.131
1.50 -2.6 -22.5 -23.8 -0.02 -0.01 -0.82 0 0 0 0.1034 0.2313 0.0029 0.004 0.048 -1.130
1.54 -2.6 -22.5 -23.8 0.01 -0.03 -0.72 0 0 0 0.2587 0.1282 -0.0852 0.009 0.054 -1.133
1.57 -3.0 -24.0 -23.7 0.05 -0.01 -0.67 0 0 0 0.3965 0.1242 -0.0556 0.013 0.064 -1.136
1.60 -3.0 -24.0 -23.7 0.05 -0.06 -0.67 0 0 0 0.5698 -0.0426 0.2444 0.012 0.076 -1.134
1.63 -3.1 -24.3 -24.2 0.08 -0.15 -0.80 0 0 0 0.6441 -0.1709 -0.3052 0.011 0.109 -1.129
1.66 -3.1 -24.3 -24.2 -0.02 -0.08 -0.73 0 0 0 0.0141 -0.4750 -0.4568 0.002 0.117 -1.143
1.69 -2.9 -23.6 -23.2 0.03 -0.21 -0.90 0 0 0 -0.4788 -0.0903 -0.0897 -0.004 0.110 -1.150
1.72 -2.9 -23.6 -23.2 -0.01 -0.13 -1.02 0 0 0 0.0616 -0.0087 -0.4779 -0.005 0.106 -1.157
1.75 -2.9 -23.7 -23.0 -0.12 0.04 -0.84 0 0 0 0.1203 0.1425 -0.9677 -0.005 0.109 -1.179
1.79 -2.9 -23.7 -23.0 0.09 -0.08 -0.94 0 0 0 -0.4359 0.7559 -0.8881 0.011 0.104 -1.205
1.82 -2.1 -23.3 -24.2 0.15 -0.00 -1.07 0 0 0 -0.0944 0.4836 -0.5864 0.051 0.084 -1.237
1.85 -2.1 -23.3 -24.2 -0.01 -0.02 -1.02 0 0 0 0.3503 0.0562 -0.5007 0.054 0.086 -1.252
1.88 -0.5 -24.2 -24.6 0.11 -0.12 -1.12 0 0 0 0.0028 0.5490 -0.3438 0.066 0.094 -1.267
1.91 -0.5 -24.2 -24.6 0.15 -0.03 -1.04 0 0 0 -0.1411 0.2425 -0.3522 0.080 0.087 -1.277
1.94 1.5 -24.2 -24.2 0.07 -0.05 -1.08 0 0 0 0.3071 0.0883 -0.1623 0.084 0.086 -1.284
1.97 1.5 -24.2 -24.2 0.17 -0.10 -1.16 0 0 0 -0.2576 -0.0633 0.0370 0.086 0.092 -1.289
2.00 2.8 -23.1 -24.2 0.07 -0.02 -1.12 0 0 0 -0.2797 -0.2921 0.0709 0.080 0.083 -1.286
2.04 2.8 -23.1 -24.2 0.07 -0.02 -1.12 0 0 0 -0.1276 -0.1397 -0.0432 0.072 0.078 -1.287
2.07 2.6 -22.3 -24.6 0.11 -0.13 -1.20 0 0 0 -0.6048 -0.6334 0.1658 0.060 0.059 -1.284
2.10 2.6 -22.3 -24.6 0.07 -0.11 -1.34 0 0 0 0.2308 -0.6560 0.1273 0.041 0.057 -1.280
2.13 1.1 -21.5 -25.7 0.02 -0.07 -1.25 0 0 0 -0.1957 -0.3432 0.1148 0.017 0.062 -1.276
2.16 1.1 -21.5 -25.7 0.08 -0.08 -1.24 0 0 0 -0.5952 -0.0405 -0.1168 0.013 0.050 -1.277
2.19 0.5 -21.6 -27.3 0.10 -0.09 -1.22 0 0 0 -0.4362 0.1763 -0.2179 0.015 0.036 -1.282
2.22 0.5 -21.6 -27.3 0.02 -0.05 -1.13 0 0 0 -0.1736 -0.0974 0.0351 0.017 0.027 -1.285
2.25 0.1 -21.4 -29.0 0.08 -0.09 -1.12 0 0 0 -0.0529 0.0393 0.0197 0.015 0.025 -1.284
2.29 0.1 -21.4 -29.0 0.09 -0.06 -1.16 0 0 0 -0.0071 0.2469 0.0569 0.019 0.024 -1.284
2.32 0.2 -20.7 -29.5 0.03 -0.06 -1.08 0 0 0 -0.0219 0.5543 0.2239 0.036 0.028 -1.279
2.35 0.2 -20.7 -29.5 0.07 -0.08 -1.04 0 0 0 -0.0257 0.2578 0.2328 0.052 0.029 -1.271
2.38 0.9 -20.2 -29.8 0.05 -0.06 -1.09 0 0 0 0.2624 0.2460 0.1326 0.058 0.036 -1.267
2.41 0.9 -20.2 -29.8 0.02 -0.05 -1.01 0 0 0 0.3902 0.5202 -0.0391 0.070 0.049 -1.268
2.44 2.0 -20.8 -28.8 0.10 -0.04 -0.94 0 0 0 0.2536 0.4711 -0.0028 0.084 0.058 -1.270
2.47 2.0 -20.8 -28.8 0.14 -0.03 -1.02 0 0 0 -0.0382 0.2891 -0.0110 0.096 0.059 -1.271
2.50 2.3 -21.8 -27.5 0.12 -0.04 -0.93 0 0 0 0.0018 0.1877 0.3217 0.105 0.056 -1.268
