iPhone Sensor Log from Crossbow started at Dec 16, 2011 19:51:51 Pacific Standard Time.
ElapsedTime(s) xMag(uT) yMag(uT) zMag(uT) xAccel(g) yAccel(g) zAccel(g) latitude(deg) longitude(deg) altitude(m) xRate(rad/sec) yRate(rad/sec) zRate(rad/sec) roll(rad) pitch(rad) yaw(rad)
0.04 6.3 -19.3 -28.0 0.06 0.04 -1.02 0 0 0 -0.1046 -0.0729 -0.1657 0.056 -0.008 -1.450
0.07 6.3 -19.3 -28.0 0.04 0.01 -1.00 0 0 0 -0.0123 0.1267 -0.0494 0.056 -0.009 -1.456
0.10 5.5 -20.2 -24.6 0.10 -0.03 -0.98 0 0 0 -0.0288 0.0170 -0.0146 0.058 -0.010 -1.456
0.13 5.5 -20.2 -24.6 0.05 0.04 -1.02 0 0 0 -0.0374 -0.1476 -0.1200 0.057 -0.009 -1.459
0.16 5.4 -20.2 -23.9 0.05 0.04 -1.02 0 0 0 -0.1822 -0.1359 -0.1928 0.052 -0.014 -1.464
0.20 5.4 -20.2 -23.9 0.03 0.02 -1.02 0 0 0 0.0412 -0.1963 0.0628 0.045 -0.017 -1.466
0.23 5.7 -20.3 -24.6 0.05 0.02 -1.00 0 0 0 0.0231 -0.0794 -0.0223 0.041 -0.016 -1.465
0.26 5.7 -20.3 -24.6 0.07 0.02 -1.02 0 0 0 0.0308 0.0811 0.0149 0.043 -0.017 -1.467
0.29 5.5 -20.5 -24.9 0.04 0.01 -0.98 0 0 0 -0.0540 -0.0107 0.0400 0.045 -0.017 -1.467
0.32 5.5 -20.5 -24.9 0.07 0.00 -1.00 0 0 0 -0.0065 -0.1707 -0.0106 0.042 -0.018 -1.467
0.35 3.9 -18.9 -25.2 0.06 0.04 -1.03 0 0 0 -0.0898 0.0091 -0.0454 0.040 -0.021 -1.469
0.38 3.9 -18.9 -25.2 0.08 0.03 -1.02 0 0 0 -0.0372 0.0044 0.0192 0.042 -0.023 -1.469
0.41 2.5 -18.4 -25.4 0.13 0.03 -1.00 0 0 0 -0.0160 -0.1908 -0.0269 0.042 -0.024 -1.470
0.44 2.5 -18.4 -25.4 0.12 0.05 -1.02 0 0 0 -0.1971 -0.0919 -0.0955 0.044 -0.029 -1.472
0.47 2.5 -19.1 -25.6 0.23 0.06 -1.09 0 0 0 -0.1163 -0.2729 -0.0679 0.042 -0.034 -1.474
0.51 2.5 -19.1 -25.6 0.31 0.09 -1.07 0 0 0 0.0225 -0.2266 -0.0251 0.034 -0.037 -1.477
0.54 2.7 -19.3 -25.6 0.25 0.10 -0.99 0 0 0 0.0927 -0.0521 0.2907 0.043 -0.037 -1.474
0.57 2.7 -19.3 -25.6 0.16 -0.02 -0.96 0 0 0 0.0476 -0.1305 0.5680 0.046 -0.033 -1.461
0.60 2.7 -20.2 -24.4 0.21 0.01 -0.96 0 0 0 -0.0390 -0.0229 0.2126 0.051 -0.035 -1.446
0.63 2.7 -20.2 -24.4 0.24 0.08 -0.97 0 0 0 0.1527 -0.2773 0.4846 0.055 -0.034 -1.437
0.66 3.7 -20.5 -24.2 0.16 -0.00 -0.96 0 0 0 0.0942 -0.5144 0.6697 0.046 -0.029 -1.421
0.69 3.7 -20.5 -24.2 0.09 -0.02 -0.98 0 0 0 -0.1559 -0.0535 0.0856 0.037 -0.030 -1.407
0.72 3.4 -20.1 -23.9 0.11 0.02 -1.01 0 0 0 -0.2052 -0.2350 -0.3894 0.038 -0.036 -1.413
0.76 3.4 -20.1 -23.9 0.10 0.11 -1.01 0 0 0 0.0468 -1.0850 0.0583 0.009 -0.043 -1.421
0.79 2.3 -20.2 -24.2 -0.03 0.04 -1.01 0 0 0 0.8180 0.0723 0.1248 -0.008 -0.023 -1.416
0.82 2.3 -20.2 -24.2 0.01 -0.01 -1.04 0 0 0 0.5048 0.0490 0.2522 -0.005 -0.005 -1.411
0.85 2.5 -20.6 -24.8 -0.05 0.01 -1.08 0 0 0 0.0166 -0.2420 0.3107 -0.012 -0.000 -1.403
0.88 2.5 -20.6 -24.8 -0.09 0.02 -1.02 0 0 0 0.1762 0.3970 0.2697 -0.018 -0.000 -1.394
0.91 1.5 -21.5 -24.0 0.03 -0.02 -1.08 0 0 0 0.2629 0.5783 0.3146 -0.001 0.007 -1.387
0.94 1.5 -21.5 -24.0 -0.03 0.03 -1.08 0 0 0 0.0953 0.2903 0.2017 0.004 0.013 -1.376
0.97 1.5 -21.5 -24.0 -0.08 0.04 -1.06 0 0 0 0.1097 0.4223 0.4180 0.011 0.013 -1.368
1.01 1.5 -21.5 -24.0 -0.05 -0.01 -1.03 0 0 0 0.2637 0.1160 0.5702 0.014 0.017 -1.355
1.04 1.1 -22.6 -23.8 -0.09 -0.01 -1.03 0 0 0 0.1997 0.8482 0.2873 0.028 0.029 -1.339
1.07 1.1 -22.6 -23.8 -0.13 -0.00 -0.97 0 0 0 -0.3392 0.3521 0.3253 0.040 0.024 -1.332
1.10 1.1 -22.6 -23.8 -0.16 0.06 -0.98 0 0 0 -0.1622 -0.2182 0.3216 0.032 0.013 -1.323
1.13 1.1 -22.6 -23.8 -0.28 0.02 -0.97 0 0 0 0.1865 0.3211 0.4906 0.005 0.021 -1.304
1.16 1.0 -22.2 -24.2 -0.36 -0.06 -0.96 0 0 0 -0.3683 0.1387 0.6247 0.003 0.017 -1.289
1.19 1.0 -22.2 -24.2 -0.29 -0.02 -0.99 0 0 0 -0.2632 -0.0402 0.2474 -0.005 0.008 -1.278
1.22 0.6 -22.5 -24.9 -0.22 0.01 -0.99 0 0 0 -0.1232 0.2416 0.0107 -0.016 0.003 -1.278
1.26 0.6 -22.5 -24.9 -0.21 -0.02 -1.03 0 0 0 -0.2505 0.1728 0.1672 -0.023 -0.002 -1.276
1.29 0.4 -22.0 -25.2 -0.16 0.03 -1.01 0 0 0 0.0016 0.1965 0.0280 -0.028 -0.008 -1.274
1.32 0.4 -22.0 -25.2 -0.11 0.04 -1.00 0 0 0 0.1973 -0.0380 0.1870 -0.029 -0.006 -1.271
1.35 0.3 -22.0 -24.3 -0.15 -0.02 -0.99 0 0 0 0.1028 0.1163 0.3061 -0.033 -0.000 -1.264
1.38 0.3 -22.0 -24.3 -0.10 -0.04 -0.96 0 0 0 -0.1672 0.1211 0.0315 -0.031 0.001 -1.258
1.41 1.1 -22.3 -24.2 -0.06 0.00 -1.04 0 0 0 -0.0541 -0.2348 -0.0653 -0.036 -0.003 -1.260
1.44 1.1 -22.3 -24.2 -0.03 -0.02 -1.00 0 0 0 0.1722 0.0573 0.0520 -0.039 0.001 -1.260
1.47 0.4 -22.2 -24.3 -0.07 -0.06 -1.01 0 0 0 -0.1212 0.0430 -0.0041 -0.037 0.009 -1.257
1.51 0.4 -22.2 -24.3 -0.00 -0.02 -1.05 0 0 0 -0.2208 -0.0559 -0.2112 -0.036 0.003 -1.261
1.54 -0.3 -22.1 -24.7 0.02 0.04 -1.00 0 0 0 0.1553 0.0171 -0.2213 -0.036 0.001 -1.268
1.57 -0.3 -22.1 -24.7 -0.01 -0.02 -0.96 0 0 0 0.2180 0.0804 -0.0277 -0.031 0.011 -1.271
1.60 0.1 -21.9 -24.8 0.02 -0.02 -0.98 0 0 0 0.0460 -0.0354 -0.0892 -0.030 0.014 -1.273
1.63 0.1 -21.9 -24.8 -0.00 0.02 -0.94 0 0 0 -0.0405 -0.0922 -0.3080 -0.032 0.012 -1.283
1.66 0.3 -22.6 -24.3 0.02 0.00 -0.88 0 0 0 0.2666 0.0259 -0.1620 -0.031 0.014 -1.291
1.69 0.3 -22.6 -24.3 0.03 -0.05 -0.80 0 0 0 0.6048 -0.0772 -0.1131 -0.033 0.027 -1.294
1.73 1.0 -22.8 -24.6 0.01 -0.11 -0.72 0 0 0 0.2190 -0.0704 -0.1693 -0.036 0.044 -1.299
1.76 1.0 -22.8 -24.6 0.04 -0.02 -0.73 0 0 0 -0.2069 -0.1780 -0.2828 -0.039 0.042 -1.306
1.79 0.9 -23.2 -23.8 -0.02 0.01 -0.67 0 0 0 0.0013 -0.0083 -0.0178 -0.042 0.038 -1.312
1.82 0.9 -23.2 -23.8 0.06 -0.13 -0.88 0 0 0 1.7776 -0.7941 0.4662 -0.053 0.082 -1.290
1.85 0.6 -23.2 -22.9 -0.06 -0.16 -0.80 0 0 0 0.6661 -1.1656 -0.4140 -0.084 0.117 -1.290
1.88 0.6 -23.2 -22.9 -0.14 -0.01 -0.74 0 0 0 -0.8726 0.0737 -0.4177 -0.096 0.110 -1.303
1.91 0.6 -24.0 -22.6 0.08 -0.12 -0.98 0 0 0 -0.9978 0.3384 0.1662 -0.082 0.070 -1.312
1.94 0.6 -24.0 -22.6 -0.05 0.03 -0.94 0 0 0 0.4761 0.3594 0.2587 -0.076 0.059 -1.306
1.97 0.3 -24.5 -22.5 -0.02 -0.16 -0.78 0 0 0 1.0625 0.6495 -0.1258 -0.060 0.086 -1.303
2.01 0.3 -24.5 -22.5 0.05 -0.09 -1.05 0 0 0 -0.3987 0.0696 -0.1893 -0.041 0.091 -1.312
2.04 0.3 -24.5 -22.6 -0.10 0.11 -0.97 0 0 0 -0.1963 0.0227 -0.7879 -0.045 0.075 -1.327
2.07 0.3 -24.5 -22.6 0.13 -0.08 -1.15 0 0 0 -1.0462 0.5424 0.0637 -0.030 0.051 -1.344
2.10 0.9 -24.9 -23.3 0.10 -0.02 -1.16 0 0 0 -0.1570 0.1599 0.5277 -0.022 0.033 -1.334
2.13 0.9 -24.9 -23.3 0.01 -0.07 -1.00 0 0 0 0.4790 0.1857 -0.0705 -0.016 0.045 -1.330
2.16 2.3 -23.6 -24.9 0.06 -0.09 -1.25 0 0 0 -0.3814 -0.2406 -0.0437 -0.016 0.034 -1.334
2.19 2.3 -23.6 -24.9 -0.01 0.03 -1.17 0 0 0 0.2669 -0.1113 -0.1039 -0.022 0.035 -1.336
2.23 2.3 -22.0 -26.9 0.07 -0.02 -1.17 0 0 0 -0.0939 -0.0104 0.1227 -0.024 0.038 -1.336
2.26 2.3 -22.0 -26.9 0.02 -0.07 -1.28 0 0 0 -0.7186 -0.3055 -0.1979 -0.032 0.020 -1.338
2.29 2.0 -21.8 -27.0 -0.01 -0.02 -1.29 0 0 0 -0.4908 -0.7942 -0.0455 -0.047 0.003 -1.344
2.32 2.0 -21.8 -27.0 -0.02 0.00 -1.30 0 0 0 0.0523 -0.7184 0.1617 -0.069 -0.001 -1.341
2.35 1.7 -21.0 -27.5 0.02 0.00 -1.19 0 0 0 -0.2758 0.1578 0.2059 -0.074 -0.005 -1.336
2.38 1.7 -21.0 -27.5 -0.02 -0.02 -1.19 0 0 0 -0.3706 0.0508 0.0086 -0.071 -0.014 -1.334
2.42 0.3 -20.7 -28.4 0.02 0.03 -1.19 0 0 0 -0.1586 0.1450 -0.0397 -0.069 -0.024 -1.337
2.44 0.3 -20.7 -28.4 -0.01 -0.01 -1.07 0 0 0 0.2315 0.5394 0.0748 -0.058 -0.020 -1.337
2.47 -0.1 -20.0 -29.5 0.01 -0.06 -1.01 0 0 0 0.1465 0.6929 0.2310 -0.039 -0.013 -1.333
2.51 -0.1 -20.0 -29.5 -0.02 -0.02 -1.12 0 0 0 -0.0929 0.2548 0.2499 -0.022 -0.013 -1.324
2.54 0.8 -19.8 -29.8 -0.01 -0.03 -1.07 0 0 0 0.3878 0.4289 0.0623 -0.013 -0.004 -1.321
2.57 0.8 -19.8 -29.8 0.03 -0.05 -0.97 0 0 0 0.3700 0.6651 0.1159 0.002 0.009 -1.318
2.60 1.6 -20.9 -29.4 0.10 -0.04 -1.02 0 0 0 -0.0283 0.5739 -0.0388 0.030 0.015 -1.317
2.63 1.6 -20.9 -29.4 0.02 0.02 -1.02 0 0 0 0.1528 0.2127 -0.0435 0.038 0.014 -1.319
2.66 2.8 -21.5 -28.9 0.02 -0.01 -0.98 0 0 0 0.3196 0.2233 0.2527 0.042 0.018 -1.317
