iPhone Sensor Log from Crossbow started at Dec 14, 2011 1:14:43 AM Pacific Standard Time.
ElapsedTime(s) xMag(uT) yMag(uT) zMag(uT) xAccel(g) yAccel(g) zAccel(g) latitude(deg) longitude(deg) altitude(m) xRate(rad/sec) yRate(rad/sec) zRate(rad/sec) roll(rad) pitch(rad) yaw(rad)
0.03 16.1 -21.8 -36.3 -0.18 -0.81 -0.95 37.428024 -122.174271 34.9 0.4769 -0.4804 -0.2689 0.156 0.738 2.281
0.06 15.1 -22.2 -34.2 -0.10 -0.94 -0.94 37.428024 -122.174271 34.9 0.4478 -0.3352 -0.5843 0.160 0.750 2.260
0.10 15.1 -22.2 -34.2 -0.26 -0.97 -0.93 37.428024 -122.174271 34.9 0.2425 -1.3189 -0.4309 0.155 0.758 2.237
0.13 13.5 -22.3 -34.9 -0.26 -0.97 -0.93 37.428024 -122.174271 34.9 -0.2477 -3.0157 0.0865 0.090 0.757 2.233
0.16 13.5 -22.3 -34.9 -0.35 -0.86 -1.33 37.428024 -122.174271 34.9 -0.1543 -2.7575 -0.2234 -0.023 0.744 2.234
0.19 10.0 -21.5 -36.1 0.01 -0.83 -1.11 37.428024 -122.174271 34.9 0.3984 -2.4218 -0.1911 -0.086 0.751 2.224
0.22 10.0 -21.5 -36.1 -0.00 -0.80 -0.99 37.428024 -122.174271 34.9 0.3310 -3.4733 0.5259 -0.176 0.760 2.235
0.25 0.5 -21.2 -35.6 -0.03 -0.70 -0.91 37.428024 -122.174271 34.9 -0.2529 -3.9678 0.7345 -0.303 0.758 2.261
0.28 0.5 -21.2 -35.6 -0.05 -0.68 -1.43 37.428024 -122.174271 34.9 0.6913 -4.2040 1.7361 -0.525 0.725 2.320
0.32 -7.5 -20.8 -33.3 -0.26 -0.73 -0.61 37.428024 -122.174271 34.9 1.8108 -6.3738 2.8889 -0.746 0.719 2.427
0.35 -7.5 -20.8 -33.3 -0.67 -0.59 0.00 37.428024 -122.174271 34.9 1.0293 -7.1404 3.3450 -1.016 0.676 2.543
0.38 -21.0 -17.3 -23.1 -0.79 -0.38 -0.05 37.428024 -122.174271 34.9 -0.6800 -6.0922 3.3493 -1.230 0.594 2.592
0.41 -21.0 -17.3 -23.1 -1.08 -0.27 -0.09 37.428024 -122.174271 34.9 -0.7258 -4.9128 3.8186 -1.432 0.450 2.594
0.44 -28.7 -11.6 -13.3 -0.84 -0.14 0.11 37.428024 -122.174271 34.9 -1.3695 -5.6145 3.7271 -1.571 0.346 2.572
0.47 -28.7 -11.6 -13.3 -0.62 0.07 0.17 37.428024 -122.174271 34.9 -1.5361 -6.6908 4.1824 -1.730 0.240 2.519
0.50 -31.3 0.5 3.0 -0.66 0.21 0.14 37.428024 -122.174271 34.9 -1.2168 -7.3515 5.1772 -1.915 0.122 2.447
0.53 -31.3 0.5 3.0 -0.51 0.31 0.34 37.428024 -122.174271 34.9 0.2268 -7.7251 6.1647 -2.195 -0.060 2.331
0.56 -25.3 9.6 14.5 -0.60 0.39 0.39 37.428024 -122.174271 34.9 0.8640 -6.1412 6.5197 -2.481 -0.250 2.181
0.60 -25.3 9.6 14.5 -0.74 0.39 0.28 37.428024 -122.174271 34.9 1.0569 -4.0393 6.0773 -2.662 -0.367 2.041
0.63 -9.7 20.1 22.7 -0.93 0.32 0.41 37.428024 -122.174271 34.9 1.7183 -1.8759 5.3328 -2.794 -0.467 1.900
0.66 -9.7 20.1 22.7 -0.92 0.10 0.48 37.428024 -122.174271 34.9 1.6336 0.2003 3.5314 -2.897 -0.576 1.742
0.69 -1.7 22.8 21.2 -0.57 0.05 0.32 37.428024 -122.174271 34.9 0.9835 0.8606 1.9228 -2.920 -0.627 1.668
0.72 -1.7 22.8 21.2 -0.33 0.07 0.01 37.428024 -122.174271 34.9 0.6581 1.0634 1.6150 -2.921 -0.658 1.620
0.75 3.2 24.7 18.9 -0.47 0.04 0.04 37.428024 -122.174271 34.9 1.2369 0.5998 2.0496 -2.935 -0.695 1.563
0.78 3.2 24.7 18.9 -0.64 0.10 -0.03 37.428024 -122.174271 34.9 1.7752 0.1235 1.7760 -2.995 -0.783 1.454
0.82 5.1 26.2 18.2 -0.66 0.16 0.09 37.428024 -122.174271 34.9 1.9706 0.3237 1.1544 -3.023 -0.842 1.408
0.85 5.1 26.2 18.2 -0.54 0.14 -0.17 37.428024 -122.174271 34.9 1.7804 0.4687 0.5207 -3.030 -0.896 1.383
0.88 6.5 27.3 16.1 -0.48 0.23 -0.52 37.428024 -122.174271 34.9 2.2689 -0.3770 0.0116 -3.027 -0.951 1.385
0.91 6.5 27.3 16.1 -0.66 0.54 -0.33 37.428024 -122.174271 34.9 3.4916 -0.8570 -0.1734 -3.034 -1.063 1.416
0.94 8.4 28.6 10.6 -0.65 0.54 -0.44 37.428024 -122.174271 34.9 3.4348 0.1761 -0.5039 -2.996 -1.160 1.466
0.97 8.4 28.6 10.6 -0.57 0.59 -0.83 37.428024 -122.174271 34.9 3.3794 0.2732 -0.9727 -2.880 -1.247 1.580
1.00 8.5 31.4 5.0 -0.81 0.78 -0.94 37.428024 -122.174271 34.9 4.0936 -0.7435 -0.7566 -2.672 -1.335 1.804
1.03 8.5 31.4 5.0 -1.04 0.70 -0.91 37.428024 -122.174271 34.9 4.8031 -1.1669 -0.4901 -1.553 -1.450 3.005
1.07 6.3 35.0 -6.6 -1.21 0.84 -1.37 37.428024 -122.174271 34.9 4.3670 -1.6339 -1.6054 -0.898 -1.374 -2.581
1.10 6.3 35.0 -6.6 -1.27 0.81 -1.49 37.428024 -122.174271 34.9 4.3949 -2.4542 -2.0793 -0.757 -1.250 -2.372
1.13 2.2 34.5 -16.0 -1.49 0.81 -1.77 37.428024 -122.174271 34.9 4.5034 -1.6634 -2.3060 -0.719 -1.117 -2.269
1.16 2.2 34.5 -16.0 -1.54 0.83 -2.00 37.428024 -122.174271 34.9 4.3068 -2.5987 -2.9272 -0.746 -0.930 -2.206
1.19 -10.0 26.4 -28.9 -1.10 0.55 -1.99 37.428024 -122.174271 34.9 4.2690 -1.9524 -3.4233 -0.790 -0.782 -2.177
1.22 -10.0 26.4 -28.9 -1.15 0.48 -1.99 37.428024 -122.174271 34.9 4.3065 -0.7522 -3.1077 -0.807 -0.632 -2.151
1.25 -18.4 14.8 -33.5 -1.13 0.35 -1.99 37.428024 -122.174271 34.9 5.3288 -1.6934 -2.1702 -0.809 -0.487 -2.093
1.28 -18.4 14.8 -33.5 -0.75 -0.01 -1.98 37.428024 -122.174271 34.9 4.4462 -0.1336 -2.5399 -0.835 -0.250 -1.982
1.31 -26.1 -5.0 -28.9 -1.14 0.09 -1.99 37.428024 -122.174271 34.9 4.3535 0.1914 -1.2997 -0.813 -0.131 -1.933
1.35 -26.1 -5.0 -28.9 -1.14 0.09 -1.99 37.428024 -122.174271 34.9 6.5399 -1.2845 0.1518 -0.830 -0.016 -1.824
1.38 -28.3 -12.9 -19.5 -1.58 0.31 -2.00 37.428024 -122.174271 34.9 6.6670 -0.7575 -0.2246 -0.866 0.106 -1.682
1.41 -28.3 -12.9 -19.5 -1.28 0.56 -1.99 37.428024 -122.174271 34.9 5.7610 0.1166 -0.9275 -0.903 0.273 -1.522
1.44 -30.5 -14.6 -7.7 -1.27 0.56 -1.99 37.428024 -122.174271 34.9 5.5608 0.0424 -0.9489 -0.939 0.388 -1.405
1.47 -30.5 -14.6 -7.7 -1.08 0.46 -1.66 37.428024 -122.174271 34.9 4.6547 0.8043 -1.7399 -0.974 0.501 -1.300
1.50 -32.1 -16.4 -6.0 -0.70 0.42 -1.47 37.428024 -122.174271 34.9 3.6526 1.7901 -2.2252 -0.971 0.613 -1.229
1.53 -32.1 -16.4 -6.0 -0.29 0.42 -1.12 37.428024 -122.174271 34.9 2.9797 1.9195 -1.7396 -0.943 0.745 -1.160
1.56 -32.8 -23.3 -8.0 -0.25 0.36 -0.86 37.428024 -122.174271 34.9 2.5809 1.5342 -1.0692 -0.936 0.844 -1.081
1.60 -32.8 -23.3 -8.0 -0.31 0.29 -0.62 37.428024 -122.174271 34.9 2.2005 1.5268 -1.0253 -0.940 0.905 -1.023
1.63 -32.6 -28.2 -9.1 -0.13 0.16 -0.44 37.428024 -122.174271 34.9 1.6714 1.4156 -1.1586 -0.930 0.962 -0.983
1.66 -32.6 -28.2 -9.1 -0.15 0.06 -0.32 37.428024 -122.174271 34.9 1.3286 0.6866 -0.7909 -0.928 1.024 -0.943
1.69 -32.0 -33.0 -8.9 -0.24 -0.08 -0.24 37.428024 -122.174271 34.9 1.0443 0.7492 -0.6093 -0.938 1.058 -0.911
1.72 -32.0 -33.0 -8.9 -0.12 -0.22 -0.28 37.428024 -122.174271 34.9 0.7384 1.1935 -0.7025 -0.924 1.087 -0.895
1.75 -29.3 -37.5 -8.3 -0.23 -0.39 -0.28 37.428024 -122.174271 34.9 0.7728 0.9314 -0.2459 -0.911 1.111 -0.876
1.78 -29.3 -37.5 -8.3 -0.36 -0.49 -0.09 37.428024 -122.174271 34.9 0.9785 0.1048 0.2336 -0.950 1.126 -0.814
1.82 -28.4 -38.7 -7.9 -0.32 -0.56 -0.09 37.428024 -122.174271 34.9 0.2396 0.8515 -0.0577 -0.990 1.139 -0.754
1.85 -28.4 -38.7 -7.9 -0.42 -0.66 -0.36 37.428024 -122.174271 34.9 -0.1454 1.2226 0.0415 -0.952 1.138 -0.760
1.88 -28.1 -40.1 -8.1 -0.39 -0.73 -0.16 37.428024 -122.174271 34.9 0.5541 0.6735 -0.0045 -0.941 1.141 -0.745
1.91 -28.1 -40.1 -8.1 -0.40 -0.77 -0.07 37.428024 -122.174271 34.9 0.0811 1.0152 0.0587 -0.942 1.153 -0.714
1.94 -27.7 -40.2 -9.9 -0.51 -0.85 -0.33 37.428024 -122.174271 34.9 -0.3854 1.0468 0.2763 -0.905 1.141 -0.722
1.97 -27.7 -40.2 -9.9 -0.38 -0.91 -0.24 37.428024 -122.174271 34.9 0.1739 1.0004 0.0902 -0.888 1.137 -0.710
2.00 -28.2 -39.6 -12.2 -0.39 -0.91 -0.39 37.428024 -122.174271 34.9 0.0236 0.9169 0.0388 -0.862 1.132 -0.710
