iPhone Sensor Log from Crossbow started at Dec 14, 2011 12:36:02 AM Pacific Standard Time.
ElapsedTime(s) xMag(uT) yMag(uT) zMag(uT) xAccel(g) yAccel(g) zAccel(g) latitude(deg) longitude(deg) altitude(m) xRate(rad/sec) yRate(rad/sec) zRate(rad/sec) roll(rad) pitch(rad) yaw(rad)
1.35 -8.7 -16.8 -8.9 0.37 -0.23 -0.78 37.428033 -122.174178 34.0 -2.3422 -2.4083 0.0714 0.293 0.864 1.649
1.38 -8.7 -16.8 -8.9 0.32 -0.25 -0.96 37.428033 -122.174178 34.0 -2.4506 -2.2941 0.4258 0.174 0.776 1.695
1.41 -9.9 -15.0 -9.4 0.34 -0.21 -1.15 37.428033 -122.174178 34.0 -2.4201 -1.9142 0.6024 0.094 0.711 1.726
1.44 -9.9 -15.0 -9.4 0.24 -0.22 -1.17 37.428033 -122.174178 34.0 -2.2104 -1.8086 0.9838 0.022 0.648 1.760
1.47 -13.0 -11.9 -10.6 0.15 -0.21 -1.13 37.428033 -122.174178 34.0 -2.1031 -1.3898 1.3379 -0.070 0.571 1.814
1.50 -13.0 -11.9 -10.6 0.18 -0.13 -1.20 37.428033 -122.174178 34.0 -2.3071 -0.9662 1.3962 -0.120 0.506 1.850
1.53 -15.1 -9.8 -11.3 0.10 -0.06 -1.26 37.428033 -122.174178 34.0 -2.3073 -1.0782 1.6922 -0.165 0.435 1.888
1.57 -15.1 -9.8 -11.3 -0.08 0.01 -1.32 37.428033 -122.174178 34.0 -2.2004 -1.4865 2.1258 -0.220 0.363 1.933
1.60 -17.5 -3.9 -10.9 0.02 0.05 -1.49 37.428033 -122.174178 34.0 -2.2110 -1.1654 2.2906 -0.290 0.264 1.996
1.63 -17.5 -3.9 -10.9 -0.13 0.15 -1.66 37.428033 -122.174178 34.0 -1.6799 -1.0109 2.8138 -0.340 0.164 2.064
1.66 -18.0 1.2 -10.0 -0.39 0.14 -1.78 37.428033 -122.174178 34.0 -1.1867 -1.0143 3.1867 -0.380 0.099 2.132
1.69 -18.0 1.2 -10.0 -0.39 0.20 -1.91 37.428033 -122.174178 34.0 -0.8884 -0.3714 3.0655 -0.403 0.040 2.201
1.72 -17.2 8.1 -8.4 -0.54 0.23 -1.92 37.428033 -122.174178 34.0 -0.3272 0.0814 3.1632 -0.407 -0.008 2.274
1.75 -17.2 8.1 -8.4 -0.75 0.18 -1.85 37.428033 -122.174178 34.0 0.5813 0.6716 3.4946 -0.386 -0.050 2.392
1.78 -15.0 11.0 -8.3 -0.75 0.17 -1.68 37.428033 -122.174178 34.0 1.0994 1.2134 3.2640 -0.355 -0.060 2.490
1.82 -15.0 11.0 -8.3 -0.79 0.12 -1.56 37.428033 -122.174178 34.0 1.2742 1.9880 3.1095 -0.303 -0.056 2.584
1.85 -9.9 12.1 -11.1 -0.79 0.12 -1.29 37.428033 -122.174178 34.0 1.5094 3.1091 2.8280 -0.196 -0.031 2.702
1.88 -9.9 12.1 -11.1 -0.75 0.12 -1.09 37.428033 -122.174178 34.0 1.2878 3.1884 2.4407 -0.075 0.005 2.807
1.91 -7.0 11.4 -13.4 -0.67 0.06 -0.82 37.428033 -122.174178 34.0 1.7088 2.9700 1.8197 0.009 0.045 2.865
1.94 -7.0 11.4 -13.4 -0.57 -0.01 -0.67 37.428033 -122.174178 34.0 1.8145 2.3486 1.5283 0.076 0.097 2.910
1.97 -4.6 9.9 -14.9 -0.50 -0.10 -0.61 37.428033 -122.174178 34.0 1.4699 1.3434 1.4055 0.121 0.148 2.944
2.00 -4.6 9.9 -14.9 -0.35 -0.16 -0.80 37.428033 -122.174178 34.0 0.5746 0.3012 1.5475 0.137 0.189 2.997
2.03 -1.6 7.0 -15.8 -0.23 -0.12 -0.69 37.428033 -122.174178 34.0 0.9778 -0.3769 0.9652 0.125 0.214 3.029
2.06 -1.6 7.0 -15.8 -0.07 -0.32 -0.77 37.428033 -122.174178 34.0 0.7018 0.0293 0.7523 0.116 0.243 3.049
2.10 -0.6 6.3 -16.6 -0.12 -0.22 -0.91 37.428033 -122.174178 34.0 0.1322 -0.2214 1.1155 0.109 0.260 3.078
2.13 -0.6 6.3 -16.6 -0.13 -0.23 -0.95 37.428033 -122.174178 34.0 0.1498 -0.4759 0.6801 0.084 0.266 3.114
2.16 -1.6 6.0 -17.6 -0.03 -0.26 -0.93 37.428033 -122.174178 34.0 0.4755 -0.3174 0.4768 0.064 0.275 3.130
2.19 -1.6 6.0 -17.6 -0.00 -0.36 -0.96 37.428033 -122.174178 34.0 0.6789 -0.1535 0.7077 0.050 0.296 -3.136
2.22 -1.6 5.2 -17.6 -0.00 -0.36 -0.96 37.428033 -122.174178 34.0 0.5999 0.0369 0.6945 0.040 0.316 -3.114
2.25 -1.6 5.2 -17.6 -0.04 -0.32 -0.91 37.428033 -122.174178 34.0 0.5531 0.3190 0.0889 0.042 0.339 -3.102
2.28 -1.7 4.1 -17.9 -0.03 -0.34 -0.87 37.428033 -122.174178 34.0 0.4519 0.4019 0.0630 0.046 0.355 -3.099
2.31 -1.7 4.1 -17.9 -0.04 -0.37 -0.87 37.428033 -122.174178 34.0 0.3285 0.6493 0.0133 0.056 0.368 -3.096
2.35 -2.2 4.4 -18.4 0.09 -0.41 -0.90 37.428033 -122.174178 34.0 0.2675 0.2750 -0.2714 0.081 0.381 -3.105
2.38 -2.2 4.4 -18.4 0.09 -0.37 -0.89 37.428033 -122.174178 34.0 0.2683 -0.0842 -0.1251 0.081 0.390 -3.113
2.41 -2.2 5.0 -17.7 0.04 -0.36 -0.89 37.428033 -122.174178 34.0 0.2431 0.0888 -0.0110 0.080 0.397 -3.114
2.44 -2.2 5.0 -17.7 0.08 -0.42 -0.89 37.428033 -122.174178 34.0 0.3646 -0.0442 -0.1817 0.084 0.410 -3.118
2.47 -1.8 4.3 -18.1 0.09 -0.38 -0.88 37.428033 -122.174178 34.0 0.1612 -0.0708 -0.3294 0.088 0.417 -3.130
2.50 -1.8 4.3 -18.1 0.08 -0.39 -0.88 37.428033 -122.174178 34.0 0.1252 0.0747 -0.2007 0.093 0.420 -3.140
2.53 -1.5 3.2 -18.8 0.06 -0.40 -0.87 37.428033 -122.174178 34.0 0.0755 0.0135 -0.1824 0.095 0.424 3.137
2.56 -1.5 3.2 -18.8 0.09 -0.42 -0.88 37.428033 -122.174178 34.0 0.0694 -0.0070 -0.3516 0.099 0.427 3.129
2.60 -1.6 3.8 -18.6 0.11 -0.37 -0.92 37.428033 -122.174178 34.0 -0.0828 0.2510 -0.3678 0.109 0.422 3.112
2.63 -1.6 3.8 -18.6 0.11 -0.39 -0.94 37.428033 -122.174178 34.0 0.1048 0.4410 -0.2894 0.128 0.419 3.100
0.03 0.4 4.0 -17.7 0.29 -0.35 -0.77 37.428033 -122.174178 34.0 -0.3027 -0.4054 0.1665 0.309 0.398 2.922
0.06 0.4 4.0 -17.7 0.34 -0.38 -0.86 37.428033 -122.174178 34.0 -0.5426 -0.1947 0.0976 0.295 0.385 2.931
0.10 1.5 4.5 -17.4 0.44 -0.39 -0.75 37.428033 -122.174178 34.0 -0.8068 -0.0499 -0.1953 0.314 0.362 2.928
0.13 1.5 4.5 -17.4 0.37 -0.31 -0.82 37.428033 -122.174178 34.0 -0.9803 -1.2995 0.0642 0.292 0.335 2.936
0.16 1.0 5.5 -17.2 0.16 -0.17 -0.81 37.428033 -122.174178 34.0 -1.1067 -2.4497 0.2427 0.228 0.311 2.947
0.19 1.0 5.5 -17.2 0.06 -0.16 -0.94 37.428033 -122.174178 34.0 -1.4607 -1.7541 -0.0754 0.164 0.273 2.959
0.22 0.1 7.4 -15.7 0.29 -0.16 -0.72 37.428033 -122.174178 34.0 -1.3158 -0.3018 -0.3278 0.139 0.223 2.952
0.25 0.1 7.4 -15.7 0.32 -0.13 -0.98 37.428033 -122.174178 34.0 -1.4778 -0.6662 0.7354 0.128 0.184 2.965
0.28 -0.4 8.1 -15.0 0.28 -0.12 -0.59 37.428033 -122.174178 34.0 -0.9503 -1.8574 0.7086 0.081 0.156 2.992
0.32 -0.4 8.1 -15.0 0.21 -0.04 -1.10 37.428033 -122.174178 34.0 -1.8546 -1.1499 0.6201 0.028 0.120 3.010
0.35 -1.8 9.3 -14.6 0.26 -0.03 -1.45 37.428033 -122.174178 34.0 -1.6032 -0.9912 1.3350 -0.034 0.037 3.064
0.38 -1.8 9.3 -14.6 0.09 -0.04 -1.50 37.428033 -122.174178 34.0 -1.0891 -1.7714 2.0523 -0.071 -0.002 3.111
0.41 -3.5 10.7 -13.5 -0.13 -0.02 -1.47 37.428033 -122.174178 34.0 -0.1025 -1.3856 2.7452 -0.121 -0.024 -3.105
0.44 -3.5 10.7 -13.5 -0.21 -0.34 -1.71 37.428033 -122.174178 34.0 0.4446 0.1623 2.1279 -0.125 -0.023 -3.034
0.47 -3.9 10.1 -12.6 -0.32 -0.20 -1.85 37.428033 -122.174178 34.0 0.4186 -0.4934 1.8954 -0.144 -0.025 -2.966
0.50 -3.9 10.1 -12.6 -0.42 -0.32 -1.83 37.428033 -122.174178 34.0 1.5306 0.5147 1.9701 -0.139 -0.004 -2.904
0.53 -3.0 9.3 -13.5 -0.61 -0.17 -1.80 37.428033 -122.174178 34.0 2.0127 -0.0890 1.2062 -0.132 0.043 -2.858
0.56 -3.0 9.3 -13.5 -0.69 -0.20 -1.55 37.428033 -122.174178 34.0 2.9421 0.3803 0.8326 -0.132 0.110 -2.821
0.60 -2.8 8.1 -13.8 -0.69 -0.18 -1.61 37.428033 -122.174178 34.0 2.9085 0.4116 0.0461 -0.109 0.246 -2.784
0.63 -2.8 8.1 -13.8 -0.66 -0.06 -1.46 37.428033 -122.174178 34.0 3.2714 0.0044 -0.3518 -0.108 0.331 -2.781
0.66 -2.3 4.9 -15.2 -0.68 -0.07 -1.14 37.428033 -122.174178 34.0 3.8414 0.3329 -0.4730 -0.103 0.434 -2.782
0.69 -2.3 4.9 -15.2 -0.61 -0.07 -1.07 37.428033 -122.174178 34.0 3.5531 0.4585 -0.7299 -0.086 0.538 -2.790
0.72 -2.2 2.3 -16.0 -0.48 -0.07 -0.92 37.428033 -122.174178 34.0 3.5242 -0.2153 -1.1051 -0.065 0.669 -2.821
0.75 -2.2 2.3 -16.0 -0.43 -0.10 -0.68 37.428033 -122.174178 34.0 3.7784 -0.5741 -1.2118 -0.056 0.773 -2.855
0.78 -2.0 -1.9 -15.7 -0.36 -0.15 -0.53 37.428033 -122.174178 34.0 3.7459 -0.4622 -1.2665 -0.038 0.880 -2.899
0.81 -2.0 -1.9 -15.7 -0.29 -0.21 -0.42 37.428033 -122.174178 34.0 3.5629 -1.0902 -1.3986 -0.014 0.983 -2.957
0.85 -1.8 -4.6 -15.3 -0.18 -0.28 -0.32 37.428033 -122.174178 34.0 2.9153 -1.4899 -1.5700 0.049 1.132 -3.104
0.88 -1.8 -4.6 -15.3 -0.13 -0.30 -0.23 37.428033 -122.174178 34.0 2.5792 -1.5579 -1.5772 0.127 1.204 3.050
0.91 -3.6 -8.6 -14.5 -0.08 -0.31 -0.17 37.428033 -122.174178 34.0 2.3211 -1.9632 -1.5775 0.233 1.262 2.883
0.94 -3.6 -8.6 -14.5 -0.00 -0.34 -0.04 37.428033 -122.174178 34.0 2.1109 -2.2081 -1.5451 0.377 1.308 2.672
0.97 -4.8 -10.7 -13.5 -0.00 -0.34 -0.04 37.428033 -122.174178 34.0 1.5985 -2.3346 -1.5103 0.623 1.342 2.329
1.00 -4.8 -10.7 -13.5 0.06 -0.34 -0.03 37.428033 -122.174178 34.0 1.1717 -2.3864 -1.4386 0.797 1.343 2.084
1.03 -6.0 -13.8 -11.6 0.07 -0.38 0.01 37.428033 -122.174178 34.0 0.8790 -2.6115 -1.3236 0.921 1.333 1.884
1.07 -6.0 -13.8 -11.6 0.09 -0.41 -0.02 37.428033 -122.174178 34.0 0.4567 -2.8245 -1.3181 0.986 1.313 1.738
1.10 -6.5 -15.0 -9.9 0.16 -0.43 -0.02 37.428033 -122.174178 34.0 0.0540 -2.6912 -1.2979 0.999 1.277 1.616
1.13 -6.5 -15.0 -9.9 0.22 -0.41 -0.03 37.428033 -122.174178 34.0 -0.4666 -2.6470 -1.2761 0.960 1.232 1.552
1.16 -6.6 -17.2 -8.5 0.24 -0.37 -0.13 37.428033 -122.174178 34.0 -0.7412 -2.6751 -1.2043 0.903 1.194 1.536
1.19 -6.6 -17.2 -8.5 0.32 -0.33 -0.15 37.428033 -122.174178 34.0 -0.8907 -2.9579 -1.2124 0.834 1.154 1.524
1.22 -6.7 -17.6 -8.5 0.38 -0.31 -0.21 37.428033 -122.174178 34.0 -1.2257 -3.0530 -0.8402 0.719 1.098 1.525
1.25 -6.7 -17.6 -8.5 0.34 -0.30 -0.26 37.428033 -122.174178 34.0 -1.7062 -2.7255 -0.6496 0.620 1.054 1.546
1.28 -7.7 -16.9 -8.3 0.38 -0.26 -0.52 37.428033 -122.174178 34.0 -2.2054 -2.5642 -0.5601 0.522 0.997 1.577
1.31 -7.7 -16.9 -8.3 0.34 -0.25 -0.59 37.428033 -122.174178 34.0 -2.0217 -2.7369 -0.2467 0.422 0.940 1.608
