iPhone Sensor Log from Crossbow started at Dec 14, 2011 12:41:05 AM Pacific Standard Time.
ElapsedTime(s) xMag(uT) yMag(uT) zMag(uT) xAccel(g) yAccel(g) zAccel(g) latitude(deg) longitude(deg) altitude(m) xRate(rad/sec) yRate(rad/sec) zRate(rad/sec) roll(rad) pitch(rad) yaw(rad)
1.47 8.8 -1.3 40.4 0.07 1.78 1.91 37.428012 -122.174173 37.7 5.6461 -3.8298 -3.1518 2.758 -0.331 2.194
1.50 16.3 19.9 29.4 0.04 1.87 1.53 37.428012 -122.174173 37.7 4.4008 -3.7181 -3.4748 2.667 -0.492 2.223
1.53 16.3 19.9 29.4 0.13 2.01 1.30 37.428012 -122.174173 37.7 3.8309 -4.0365 -4.0978 2.583 -0.644 2.268
1.56 17.3 30.4 17.1 0.23 2.01 1.26 37.428012 -122.174173 37.7 3.0290 -4.4648 -4.3833 2.503 -0.789 2.328
1.60 17.3 30.4 17.1 0.42 2.02 1.34 37.428012 -122.174173 37.7 1.5472 -5.0190 -5.4612 2.417 -1.027 2.511
1.63 11.0 38.3 -3.3 0.24 2.01 1.28 37.428012 -122.174173 37.7 -0.1275 -4.5087 -5.0790 2.477 -1.134 2.730
1.66 11.0 38.3 -3.3 -0.32 2.00 1.20 37.428012 -122.174173 37.7 -1.5348 -3.0134 -5.3651 2.686 -1.189 3.071
1.69 0.9 41.3 -11.8 -0.34 2.00 0.74 37.428012 -122.174173 37.7 -2.7192 -0.1505 -6.5631 3.084 -1.172 -2.739
1.72 0.9 41.3 -11.8 -0.59 1.99 0.71 37.428012 -122.174173 37.7 -2.4271 3.8304 -7.6878 -2.645 -1.011 -2.212
1.75 -17.0 41.9 -13.9 -0.56 1.99 1.18 37.428012 -122.174173 37.7 -1.3667 6.1539 -8.6367 -2.303 -0.828 -1.962
1.78 -17.0 41.9 -13.9 -0.45 1.99 0.95 37.428012 -122.174173 37.7 -1.0261 9.3507 -8.5214 -1.986 -0.609 -1.822
1.81 -24.9 36.0 -18.2 -0.35 1.67 0.19 37.428012 -122.174173 37.7 -0.4015 10.6256 -7.8068 -1.674 -0.388 -1.775
1.85 -24.9 36.0 -18.2 -0.58 1.11 0.25 37.428012 -122.174173 37.7 1.0851 7.7323 -5.4222 -1.248 -0.082 -1.801
1.88 -19.7 22.2 -30.0 -0.61 0.78 0.27 37.428012 -122.174173 37.7 0.9037 6.6955 -4.7367 -1.056 0.054 -1.829
1.91 -19.7 22.2 -30.0 -0.32 0.43 -0.29 37.428012 -122.174173 37.7 0.7610 7.3952 -4.6932 -0.849 0.174 -1.888
1.94 -9.7 16.1 -33.7 -0.39 0.08 -0.42 37.428012 -122.174173 37.7 1.5027 6.0058 -3.5589 -0.654 0.277 -1.953
1.97 -9.7 16.1 -33.7 -0.34 -0.00 -0.50 37.428012 -122.174173 37.7 1.6014 5.0707 -1.9949 -0.444 0.376 -2.004
2.00 -1.4 11.4 -34.1 -0.32 -0.29 -0.55 37.428012 -122.174173 37.7 1.7198 4.6082 -2.1840 -0.290 0.441 -2.044
2.03 -1.4 11.4 -34.1 -0.18 -0.17 -0.49 37.428012 -122.174173 37.7 1.5589 2.9637 -1.8693 -0.165 0.503 -2.100
2.07 8.7 7.1 -32.7 -0.14 -0.29 -0.52 37.428012 -122.174173 37.7 0.3174 3.3233 -1.2167 -0.059 0.527 -2.139
2.10 8.7 7.1 -32.7 -0.15 -0.27 -0.72 37.428012 -122.174173 37.7 0.4789 2.3313 -1.1503 0.106 0.538 -2.207
2.13 12.7 6.3 -31.8 -0.08 -0.26 -0.37 37.428012 -122.174173 37.7 1.6195 1.8998 -1.2865 0.183 0.563 -2.252
2.16 12.7 6.3 -31.8 0.18 -0.42 -0.25 37.428012 -122.174173 37.7 2.0224 2.3242 -0.8912 0.273 0.610 -2.304
2.19 16.3 5.3 -29.8 0.27 -0.36 -0.50 37.428012 -122.174173 37.7 0.7672 1.4984 -0.2097 0.343 0.644 -2.331
2.22 16.3 5.3 -29.8 0.20 -0.27 -0.58 37.428012 -122.174173 37.7 -0.4022 1.1286 -0.3568 0.395 0.636 -2.345
2.25 18.2 3.8 -28.1 0.06 -0.30 -0.51 37.428012 -122.174173 37.7 0.0892 0.8350 -0.0158 0.424 0.631 -2.349
2.28 18.2 3.8 -28.1 0.56 -0.62 -0.43 37.428012 -122.174173 37.7 0.5537 0.5124 0.1261 0.443 0.644 -2.349
2.32 20.4 2.7 -26.1 0.27 -0.51 -0.56 37.428012 -122.174173 37.7 0.5841 -0.3410 -0.0811 0.455 0.656 -2.368
2.35 20.4 2.7 -26.1 0.25 -0.60 -0.68 37.428012 -122.174173 37.7 -0.1328 -1.5051 -0.1326 0.399 0.666 -2.362
2.38 20.8 2.4 -25.8 0.37 -0.63 -0.65 37.428012 -122.174173 37.7 -0.1028 -0.6983 -0.5925 0.374 0.658 -2.375
2.41 20.8 2.4 -25.8 0.42 -0.65 -0.71 37.428012 -122.174173 37.7 -0.3259 0.0510 -0.5386 0.387 0.647 -2.396
2.44 19.4 3.5 -27.2 0.33 -0.70 -0.85 37.428012 -122.174173 37.7 -0.5691 -0.6439 -0.2069 0.383 0.632 -2.402
2.47 19.4 3.5 -27.2 0.35 -0.63 -0.89 37.428012 -122.174173 37.7 -0.3762 -0.0136 -0.2850 0.369 0.613 -2.404
2.50 18.9 4.9 -28.3 0.22 -0.62 -0.87 37.428012 -122.174173 37.7 -0.2408 -0.3098 -0.1533 0.359 0.600 -2.403
2.53 18.9 4.9 -28.3 0.23 -0.65 -0.94 37.428012 -122.174173 37.7 -0.2818 -0.3518 -0.0847 0.342 0.594 -2.400
2.56 18.5 5.3 -28.6 0.23 -0.65 -0.94 37.428012 -122.174173 37.7 -0.2992 -0.1145 -0.3034 0.337 0.584 -2.402
2.60 18.5 5.3 -28.6 0.31 -0.58 -0.87 37.428012 -122.174173 37.7 0.2623 0.0219 -0.2122 0.344 0.580 -2.420
2.63 18.5 5.8 -28.3 0.27 -0.57 -0.77 37.428012 -122.174173 37.7 0.3428 -0.0777 -0.1419 0.348 0.593 -2.428
2.66 18.5 5.8 -28.3 0.27 -0.59 -0.75 37.428012 -122.174173 37.7 0.2597 -0.2131 -0.0931 0.346 0.605 -2.434
2.69 17.9 6.1 -27.9 0.32 -0.60 -0.71 37.428012 -122.174173 37.7 0.2278 -0.0571 -0.1926 0.353 0.615 -2.447
2.72 17.9 6.1 -27.9 0.35 -0.61 -0.71 37.428012 -122.174173 37.7 0.0635 -0.0439 -0.1677 0.375 0.623 -2.467
2.75 16.7 6.8 -28.6 0.32 -0.58 -0.76 37.428012 -122.174173 37.7 -0.0504 -0.1401 -0.1133 0.376 0.620 -2.472
2.78 16.7 6.8 -28.6 0.34 -0.58 -0.77 37.428012 -122.174173 37.7 -0.0254 -0.0719 -0.1328 0.378 0.616 -2.477
2.81 16.8 6.4 -29.2 0.36 -0.57 -0.73 37.428012 -122.174173 37.7 0.0561 0.1316 -0.1496 0.387 0.613 -2.485
2.85 16.8 6.4 -29.2 0.33 -0.55 -0.79 37.428012 -122.174173 37.7 0.1617 0.5776 -0.0405 0.406 0.610 -2.490
2.88 18.1 6.1 -28.9 0.32 -0.58 -0.79 37.428012 -122.174173 37.7 0.3720 0.6268 -0.0681 0.425 0.616 -2.495
0.03 14.7 14.7 -31.1 0.47 -0.37 -0.84 37.428012 -122.174173 37.7 -0.4418 -0.3062 0.0601 0.457 0.397 -2.882
0.06 15.4 14.7 -30.8 0.47 -0.39 -0.79 37.428012 -122.174173 37.7 -0.3642 0.2470 0.0496 0.460 0.384 -2.875
0.10 15.4 14.7 -30.8 0.56 -0.42 -0.79 37.428012 -122.174173 37.7 -0.5404 -0.1446 0.0085 0.465 0.373 -2.868
0.13 15.3 15.9 -29.3 0.53 -0.49 -0.98 37.428012 -122.174173 37.7 -0.5493 -0.6985 0.0071 0.448 0.360 -2.861
0.16 15.3 15.9 -29.3 0.38 -0.24 -0.63 37.428012 -122.174173 37.7 0.2534 -1.2723 -0.5524 0.424 0.354 -2.866
0.19 14.6 16.9 -29.7 0.57 -0.29 -0.94 37.428012 -122.174173 37.7 -0.8014 -0.8905 -0.5719 0.379 0.324 -2.889
0.22 14.6 16.9 -29.7 0.28 -0.14 -0.66 37.428012 -122.174173 37.7 0.0293 -1.5641 0.8451 0.344 0.321 -2.876
0.25 11.8 17.6 -30.5 0.07 -0.40 -0.61 37.428012 -122.174173 37.7 -0.2469 -3.9769 -0.2881 0.258 0.318 -2.864
0.28 11.8 17.6 -30.5 -0.10 -0.07 -0.39 37.428012 -122.174173 37.7 -1.3406 -4.5411 0.7581 0.125 0.305 -2.862
0.31 7.3 19.0 -30.4 0.08 -0.08 -0.78 37.428012 -122.174173 37.7 -3.9074 -3.4518 1.3959 -0.034 0.193 -2.799
0.35 7.3 19.0 -30.4 -0.00 0.02 -1.09 37.428012 -122.174173 37.7 -2.9074 -1.2831 1.3985 -0.131 0.048 -2.766
0.38 1.1 25.3 -28.6 -0.06 -0.11 -1.46 37.428012 -122.174173 37.7 -0.1771 -0.8849 1.0747 -0.165 0.006 -2.735
0.41 1.1 25.3 -28.6 -0.34 -0.38 -1.14 37.428012 -122.174173 37.7 1.6886 -1.4339 1.5369 -0.195 0.031 -2.698
0.44 -0.4 28.3 -27.5 -0.40 -0.55 -1.79 37.428012 -122.174173 37.7 0.8935 -3.2713 2.0151 -0.272 0.056 -2.637
0.47 -0.4 28.3 -27.5 -1.02 -0.80 -1.85 37.428012 -122.174173 37.7 2.1384 -2.0696 2.8487 -0.384 0.065 -2.529
0.50 -1.8 26.9 -27.7 -1.23 -0.76 -1.90 37.428012 -122.174173 37.7 1.8815 -2.6362 1.0128 -0.457 0.095 -2.477
0.53 -1.8 26.9 -27.7 -1.41 -0.54 -1.79 37.428012 -122.174173 37.7 2.4263 -2.8128 0.8598 -0.538 0.135 -2.427
0.57 -4.7 23.8 -29.1 -2.00 -0.67 -1.03 37.428012 -122.174173 37.7 3.4271 -3.2928 1.0466 -0.676 0.207 -2.337
0.60 -4.7 23.8 -29.1 -1.99 -0.22 -1.09 37.428012 -122.174173 37.7 2.7137 -3.9949 0.8782 -0.858 0.274 -2.218
0.63 -13.3 16.7 -29.2 -1.98 0.18 -1.03 37.428012 -122.174173 37.7 2.5263 -4.0161 -0.1566 -0.981 0.307 -2.152
0.66 -13.3 16.7 -29.2 -1.78 0.26 -0.47 37.428012 -122.174173 37.7 3.0323 -6.7283 -1.6398 -1.155 0.368 -2.093
0.69 -21.3 11.8 -25.3 -1.58 0.34 0.39 37.428012 -122.174173 37.7 3.3979 -8.1700 -3.0204 -1.400 0.463 -2.019
0.72 -21.3 11.8 -25.3 -1.23 0.20 0.24 37.428012 -122.174173 37.7 1.4944 -7.9240 -4.3859 -1.767 0.607 -1.904
0.75 -31.4 1.8 -8.9 -1.23 0.20 0.24 37.428012 -122.174173 37.7 -0.4975 -6.7286 -4.5210 -2.002 0.725 -1.844
0.78 -31.4 1.8 -8.9 -1.15 0.43 0.22 37.428012 -122.174173 37.7 -1.3691 -6.2510 -4.2935 -2.219 0.844 -1.794
0.81 -31.6 -5.9 5.7 -0.90 0.44 0.21 37.428012 -122.174173 37.7 -1.6337 -6.2136 -4.4573 -2.458 0.960 -1.708
0.85 -31.6 -5.9 5.7 -0.65 0.40 0.19 37.428012 -122.174173 37.7 -1.7049 -5.8460 -3.8895 -2.981 1.111 -1.427
0.88 -26.0 -13.6 16.8 -0.15 0.10 0.33 37.428012 -122.174173 37.7 -1.4819 -6.1079 -3.4134 2.911 1.150 -1.181
0.91 -26.0 -13.6 16.8 0.06 0.06 0.35 37.428012 -122.174173 37.7 -1.8883 -5.5675 -1.8364 2.561 1.167 -0.976
0.94 -11.8 -23.6 24.8 0.16 0.25 0.14 37.428012 -122.174173 37.7 -2.2490 -6.2029 -0.6219 2.143 1.198 -0.754
0.97 -11.8 -23.6 24.8 0.35 0.12 0.12 37.428012 -122.174173 37.7 -2.1117 -6.4438 -0.0849 1.813 1.214 -0.591
1.00 -2.9 -28.9 24.3 0.44 0.13 0.01 37.428012 -122.174173 37.7 -2.1916 -7.1719 0.6673 1.462 1.227 -0.419
1.03 -2.9 -28.9 24.3 0.30 0.02 -0.27 37.428012 -122.174173 37.7 -2.1799 -7.4362 1.5248 1.056 1.241 -0.209
1.06 5.7 -35.4 15.4 0.26 0.03 -0.39 37.428012 -122.174173 37.7 -1.3817 -7.7554 1.4907 0.521 1.236 0.058
1.10 5.7 -35.4 15.4 0.13 0.09 -0.59 37.428012 -122.174173 37.7 0.0590 -7.4087 1.6419 0.060 1.230 0.251
1.13 7.7 -38.4 8.1 -0.01 0.14 -0.63 37.428012 -122.174173 37.7 1.1640 -6.8319 1.3699 -0.267 1.245 0.386
1.16 7.7 -38.4 8.1 0.16 0.29 -0.70 37.428012 -122.174173 37.7 2.4726 -7.4079 1.2037 -0.623 1.277 0.560
1.19 4.1 -40.0 5.5 -0.03 0.43 -0.24 37.428012 -122.174173 37.7 4.0445 -7.6335 1.0993 -1.175 1.312 0.910
1.22 4.1 -40.0 5.5 -0.07 0.66 0.19 37.428012 -122.174173 37.7 5.5058 -5.1332 1.3526 -2.035 1.256 1.558
1.25 0.5 -38.7 12.0 -0.32 0.99 0.38 37.428012 -122.174173 37.7 6.4563 -3.9099 1.7750 -2.411 1.116 1.840
1.28 0.5 -38.7 12.0 -0.56 0.99 1.11 37.428012 -122.174173 37.7 6.9086 -4.5492 1.5023 -2.653 0.934 1.975
1.31 -1.1 -33.7 23.8 -0.47 1.21 1.00 37.428012 -122.174173 37.7 6.5851 -3.6111 1.0964 -2.813 0.747 2.039
1.35 -1.1 -33.7 23.8 -0.73 1.17 1.38 37.428012 -122.174173 37.7 6.5481 -4.0837 0.0453 -3.035 0.443 2.086
1.38 2.6 -16.2 39.1 -0.50 1.34 1.23 37.428012 -122.174173 37.7 5.9469 -3.7722 -0.8398 3.136 0.272 2.110
1.41 2.6 -16.2 39.1 -0.31 1.51 1.57 37.428012 -122.174173 37.7 6.4589 -4.3005 -1.6388 3.020 0.096 2.135
1.44 8.8 -1.3 40.4 -0.10 1.72 1.55 37.428012 -122.174173 37.7 6.1261 -4.1411 -2.3737 2.900 -0.087 2.159
