iPhone Sensor Log from Crossbow started at Nov 17, 2011 15:21:24 Pacific Standard Time.
ElapsedTime(s) xMag(uT) yMag(uT) zMag(uT) xAccel(g) yAccel(g) zAccel(g) latitude(deg) longitude(deg) altitude(m) xRate(rad/sec) yRate(rad/sec) zRate(rad/sec) roll(rad) pitch(rad) yaw(rad)
1.41 -31.2 -23.9 -31.2 0.42 -0.33 -0.60 37.425910 -122.151767 7.4 -0.2491 -1.6803 -0.4055 -0.234 0.549 -0.416
1.44 -31.2 -23.9 -31.2 0.24 -0.20 -0.72 37.425910 -122.151767 7.4 -1.2815 -0.0205 -0.6190 -0.244 0.528 -0.441
1.47 -32.0 -24.2 -29.9 0.42 -0.39 -1.06 37.425910 -122.151767 7.4 -1.2142 -1.0027 -0.3450 -0.238 0.481 -0.479
1.50 -32.0 -24.2 -29.9 0.36 -0.34 -0.97 37.425910 -122.151767 7.4 -0.4666 -1.0294 0.1212 -0.267 0.463 -0.485
1.54 -34.0 -22.3 -28.6 0.18 -0.32 -0.97 37.425910 -122.151767 7.4 -1.1459 0.4961 -0.4930 -0.258 0.435 -0.503
1.57 -34.0 -22.3 -28.6 0.30 -0.34 -0.94 37.425910 -122.151767 7.4 -1.0552 0.1004 -0.3362 -0.239 0.410 -0.525
1.60 -34.0 -21.1 -29.4 0.11 -0.24 -0.97 37.425910 -122.151767 7.4 -0.9814 -0.3445 0.2877 -0.241 0.382 -0.532
1.63 -34.0 -21.1 -29.4 0.19 -0.27 -1.11 37.425910 -122.151767 7.4 -1.4698 0.5450 -0.1420 -0.233 0.339 -0.540
1.66 -34.1 -19.3 -29.8 0.18 -0.18 -1.16 37.425910 -122.151767 7.4 -1.2261 0.2021 0.1018 -0.214 0.293 -0.555
1.69 -34.1 -19.3 -29.8 0.08 -0.16 -1.26 37.425910 -122.151767 7.4 -1.2008 0.1524 0.4765 -0.212 0.259 -0.553
1.72 -33.7 -16.2 -31.4 0.09 -0.12 -1.20 37.425910 -122.151767 7.4 -1.0402 0.8651 0.0986 -0.197 0.223 -0.548
1.75 -33.7 -16.2 -31.4 0.11 -0.16 -1.48 37.425910 -122.151767 7.4 -1.4924 1.0643 -0.0299 -0.167 0.189 -0.556
1.79 -32.2 -13.7 -32.8 0.05 -0.13 -1.42 37.425910 -122.151767 7.4 -0.7037 -0.0516 0.7762 -0.157 0.145 -0.545
1.82 -32.2 -13.7 -32.8 0.08 -0.06 -1.38 37.425910 -122.151767 7.4 -1.0715 1.1054 0.2168 -0.140 0.114 -0.532
1.85 -30.9 -10.4 -35.1 0.01 -0.02 -1.55 37.425910 -122.151767 7.4 -1.0045 0.8128 0.5535 -0.112 0.084 -0.528
1.88 -30.9 -10.4 -35.1 -0.19 0.03 -1.44 37.425910 -122.151767 7.4 -0.5454 -0.2041 1.2365 -0.109 0.062 -0.504
1.91 -30.8 -8.0 -36.0 -0.02 0.06 -1.25 37.425910 -122.151767 7.4 -0.0884 -0.2784 0.8856 -0.124 0.048 -0.465
1.94 -30.8 -8.0 -36.0 -0.04 0.01 -1.30 37.425910 -122.151767 7.4 -0.1080 0.6567 0.3992 -0.119 0.045 -0.451
1.97 -30.8 -4.7 -36.9 -0.43 -0.01 -1.43 37.425910 -122.151767 7.4 -0.6615 0.8066 1.1884 -0.086 0.024 -0.425
2.00 -30.8 -4.7 -36.9 -0.29 0.07 -1.23 37.425910 -122.151767 7.4 0.0121 -0.0812 0.7491 -0.079 0.012 -0.389
2.04 -30.7 -2.4 -37.8 -0.25 -0.03 -1.40 37.425910 -122.151767 7.4 -0.2202 0.6079 0.3133 -0.073 0.009 -0.377
2.07 -30.7 -2.4 -37.8 -0.42 -0.06 -1.32 37.425910 -122.151767 7.4 -0.2080 0.6003 0.9530 -0.046 -0.006 -0.356
2.10 -29.1 -0.0 -39.2 -0.43 -0.03 -1.08 37.425910 -122.151767 7.4 0.7321 0.1358 0.9742 -0.039 0.003 -0.329
2.13 -29.1 -0.0 -39.2 -0.34 -0.04 -1.05 37.425910 -122.151767 7.4 0.4335 0.5212 0.6075 -0.030 0.019 -0.308
2.16 -27.9 0.9 -39.8 -0.22 -0.08 -1.05 37.425910 -122.151767 7.4 0.2926 0.2432 0.4080 -0.009 0.031 -0.289
2.19 -27.9 0.9 -39.8 -0.29 -0.10 -1.02 37.425910 -122.151767 7.4 0.5167 -0.3981 0.7267 -0.026 0.045 -0.273
2.22 -25.8 1.4 -41.8 -0.32 -0.06 -0.99 37.425910 -122.151767 7.4 0.4603 -0.0830 0.7739 -0.036 0.057 -0.251
2.25 -25.8 1.4 -41.8 -0.32 -0.06 -0.99 37.425910 -122.151767 7.4 0.2699 0.1260 0.5113 -0.055 0.070 -0.229
2.28 -25.7 0.3 -42.4 -0.17 -0.10 -1.02 37.425910 -122.151767 7.4 -0.0025 0.1503 0.2063 -0.061 0.077 -0.219
2.32 -25.7 0.3 -42.4 -0.17 -0.05 -0.97 37.425910 -122.151767 7.4 0.4304 -0.1678 0.4980 -0.075 0.078 -0.207
2.35 -25.8 0.1 -43.0 -0.17 -0.09 -0.88 37.425910 -122.151767 7.4 0.3299 -0.1731 0.7811 -0.086 0.092 -0.178
2.38 -25.8 0.1 -43.0 -0.20 -0.07 -0.89 37.425910 -122.151767 10.5 -0.1381 -0.0600 0.4689 -0.091 0.092 -0.162
2.41 -25.7 0.7 -42.7 -0.15 -0.13 -1.03 37.425910 -122.151767 10.5 -0.0726 -0.5976 0.4685 -0.111 0.085 -0.147
2.44 -25.7 0.7 -42.7 -0.16 -0.10 -0.98 37.425910 -122.151767 10.5 0.3440 -0.3766 0.3807 -0.130 0.090 -0.135
2.47 -26.2 1.2 -42.3 -0.17 -0.11 -0.91 37.425910 -122.151767 10.5 0.0173 0.2136 0.3282 -0.135 0.096 -0.125
2.50 -26.2 1.2 -42.3 -0.17 -0.13 -0.97 37.425910 -122.151767 10.5 -0.5633 0.3369 -0.0114 -0.121 0.080 -0.121
2.53 -27.1 2.7 -42.3 -0.12 -0.11 -1.08 37.425910 -122.151767 10.5 -0.1457 -0.2888 0.1338 -0.122 0.070 -0.121
2.57 -27.1 2.7 -42.3 -0.14 -0.03 -1.00 37.425910 -122.151767 10.5 0.2887 -0.0657 0.1130 -0.131 0.070 -0.117
2.60 -27.4 3.0 -42.1 -0.11 -0.09 -0.96 37.425910 -122.151767 10.5 -0.1408 0.6646 0.1740 -0.116 0.074 -0.113
2.63 -27.4 3.0 -42.1 -0.08 -0.11 -1.03 37.425910 -122.151767 10.5 -0.3252 0.4239 0.0134 -0.100 0.068 -0.111
2.66 -26.4 2.2 -43.1 -0.02 -0.07 -1.07 37.425910 -122.151767 10.5 0.0667 -0.1702 -0.0456 -0.093 0.062 -0.115
2.69 -26.4 2.2 -43.1 -0.07 -0.04 -0.98 37.425910 -122.151767 10.5 0.1719 0.0733 0.1355 -0.097 0.067 -0.112
2.72 -25.8 3.0 -44.1 -0.06 -0.06 -1.03 37.425910 -122.151767 10.5 -0.2542 0.7349 -0.0308 -0.081 0.065 -0.111
2.76 -25.8 3.0 -44.1 -0.00 -0.06 -1.14 37.425910 -122.151767 10.5 0.1653 0.0057 0.0304 -0.064 0.059 -0.114
2.79 -25.6 2.5 -43.7 -0.06 -0.02 -0.90 37.425910 -122.151767 10.5 0.7526 -0.4154 0.1262 -0.072 0.074 -0.110
0.04 -19.8 5.4 -43.1 0.12 -0.01 -1.04 37.425912 -122.151738 11.0 -0.0741 -0.5863 0.1940 0.103 -0.002 -0.193
0.07 -19.8 5.4 -43.1 0.12 0.01 -1.01 37.425912 -122.151738 11.0 0.2758 -0.0851 0.0608 0.091 0.003 -0.189
0.10 -18.6 4.8 -43.0 0.11 -0.01 -1.02 37.425912 -122.151738 11.0 0.2343 0.1096 0.0746 0.093 0.009 -0.188
0.13 -18.6 4.8 -43.0 0.11 -0.06 -0.92 37.425912 -122.151738 11.0 0.4048 -0.0906 0.1850 0.094 0.019 -0.186
0.16 -18.8 3.8 -42.5 0.04 0.03 -0.97 37.425912 -122.151738 11.0 -0.1217 -0.7069 0.2183 0.078 0.028 -0.177
0.19 -18.8 3.8 -42.5 0.08 0.04 -1.17 37.425912 -122.151738 11.0 -0.7058 -0.7042 -0.0300 0.057 0.015 -0.175
0.22 -19.8 3.9 -42.5 0.02 0.05 -1.07 37.425912 -122.151738 11.0 -0.4877 -0.3098 -0.0717 0.041 -0.012 -0.176
0.25 -19.8 3.9 -42.5 0.06 -0.02 -0.97 37.425912 -122.151738 11.0 0.3183 -0.0469 0.2119 0.038 -0.008 -0.174
0.29 -21.8 4.4 -42.0 0.06 -0.01 -0.96 37.425912 -122.151738 11.0 0.1638 -0.3576 0.1402 0.033 -0.000 -0.169
0.32 -21.8 4.4 -42.0 0.14 -0.01 -1.02 37.425912 -122.151738 11.0 -0.3270 -0.2435 -0.1636 0.026 -0.004 -0.171
0.35 -22.7 4.5 -41.2 0.17 -0.00 -1.01 37.425912 -122.151738 11.0 -0.3320 -0.1483 -0.2076 0.027 -0.014 -0.177
0.38 -22.7 4.5 -41.2 0.17 -0.00 -1.01 37.425912 -122.151738 11.0 0.1552 -1.0008 0.1795 0.014 -0.014 -0.176
0.41 -23.3 5.3 -40.4 0.17 0.01 -0.94 37.425912 -122.151738 11.4 -0.5718 0.0261 -0.3686 -0.014 -0.019 -0.178
0.44 -23.3 5.3 -40.4 0.50 -0.04 -1.15 37.425912 -122.151738 11.4 -0.9633 0.2564 -0.3735 -0.008 -0.041 -0.190
0.47 -24.1 5.8 -40.4 0.51 0.07 -1.20 37.425912 -122.151738 11.4 -0.3547 -0.5138 0.1682 -0.013 -0.059 -0.191
0.50 -24.1 5.8 -40.4 0.45 0.01 -1.16 37.425912 -122.151738 11.4 -0.6087 0.2423 0.3921 -0.024 -0.070 -0.180
0.54 -25.0 7.2 -40.4 0.52 0.00 -1.43 37.425912 -122.151738 11.4 -1.2006 0.2915 0.6159 -0.010 -0.097 -0.166
0.57 -25.0 7.2 -40.4 0.23 0.05 -1.63 37.425912 -122.151738 11.4 -0.9000 -0.5034 1.4947 -0.013 -0.129 -0.138
0.60 -25.0 9.9 -39.4 -0.04 0.04 -1.54 37.425912 -122.151738 11.4 -0.5734 -0.1904 1.7142 -0.019 -0.149 -0.060
0.63 -25.0 9.9 -39.4 -0.03 0.05 -1.61 37.425912 -122.151738 11.4 -0.5590 0.0790 1.4220 -0.014 -0.165 -0.020
0.66 -23.8 13.1 -38.5 -0.14 0.17 -1.62 37.425912 -122.151738 11.4 -0.1611 0.0845 1.7702 -0.005 -0.174 0.023
0.69 -23.8 13.1 -38.5 -0.27 0.28 -1.49 37.425912 -122.151738 11.4 0.3588 -0.0046 1.6134 0.006 -0.170 0.087
0.72 -22.3 16.7 -38.3 -0.15 0.31 -1.35 37.425912 -122.151738 11.4 0.6695 -0.2342 1.4244 0.008 -0.156 0.125
0.75 -22.3 16.7 -38.3 -0.32 0.35 -1.25 37.425912 -122.151738 11.4 -0.2779 0.5320 1.8003 0.021 -0.144 0.182
0.79 -21.7 18.2 -38.5 -0.49 0.27 -1.57 37.425912 -122.151738 11.4 0.4330 0.1365 1.5094 0.047 -0.154 0.246
0.82 -21.7 18.2 -38.5 -0.42 0.40 -1.18 37.425912 -122.151738 11.4 2.0510 -1.2977 0.9553 0.029 -0.113 0.276
0.85 -19.3 20.0 -39.0 -0.51 0.44 -1.23 37.425912 -122.151738 11.4 0.7240 0.2701 0.7461 0.013 -0.060 0.303
0.88 -19.3 20.0 -39.0 -0.59 0.41 -1.36 37.425912 -122.151738 11.4 1.4409 0.0767 0.2135 0.023 -0.038 0.317
0.91 -18.7 19.6 -40.2 -0.44 0.52 -0.69 37.425912 -122.151738 11.4 2.9639 -0.9162 -0.3594 0.006 0.027 0.311
0.94 -18.7 19.6 -40.2 -0.58 0.33 -0.97 37.425912 -122.151738 11.4 1.3557 0.1053 -0.4623 -0.007 0.123 0.288
0.97 -19.8 14.0 -42.0 -0.57 0.29 -0.81 37.425912 -122.151738 11.4 2.0008 -0.3493 -0.7505 -0.007 0.165 0.273
1.00 -19.8 14.0 -42.0 -0.48 0.21 -0.48 37.425912 -122.151738 11.4 2.5144 -1.1726 -1.1020 -0.026 0.228 0.248
1.04 -21.0 8.4 -42.1 -0.38 0.09 -0.46 37.425912 -122.151738 11.4 1.8393 -0.8292 -1.3850 -0.047 0.309 0.201
1.07 -21.0 8.4 -42.1 -0.50 0.07 -0.55 37.425912 -122.151738 11.4 1.4774 -1.1734 -1.0635 -0.065 0.353 0.170
1.10 -24.2 -0.6 -42.4 -0.50 0.07 -0.54 37.425912 -122.151738 11.4 0.9813 -0.9804 -1.2936 -0.088 0.391 0.131
1.13 -24.2 -0.6 -42.4 -0.23 0.05 -0.32 37.425912 -122.151738 11.4 1.2378 -0.9519 -2.0173 -0.096 0.440 0.068
1.16 -26.7 -5.7 -41.4 -0.23 0.06 -0.35 37.425912 -122.151738 11.4 1.1458 -1.3168 -1.7264 -0.104 0.477 0.016
1.19 -26.7 -5.7 -41.4 -0.23 0.03 -0.36 37.425912 -122.151738 11.4 0.6103 -0.9514 -1.4821 -0.114 0.509 -0.044
1.22 -28.1 -10.2 -39.9 -0.04 -0.06 -0.25 37.425912 -122.151738 11.4 0.8511 -1.3192 -1.7588 -0.121 0.535 -0.091
1.25 -28.1 -10.2 -39.9 -0.03 -0.07 -0.22 37.425912 -122.151738 11.4 0.7642 -1.7622 -1.8134 -0.136 0.563 -0.145
1.29 -30.1 -17.1 -36.9 0.21 -0.12 -0.34 37.425912 -122.151738 11.4 -0.1559 -1.3022 -1.7256 -0.159 0.586 -0.235
1.32 -30.1 -17.1 -36.9 0.22 -0.08 -0.31 37.425912 -122.151738 11.4 -0.3052 -1.1137 -1.3854 -0.162 0.585 -0.285
1.35 -31.2 -20.7 -34.0 0.22 -0.08 -0.31 37.425912 -122.151738 11.4 -0.7249 -0.9907 -1.4645 -0.164 0.578 -0.332
1.38 -31.2 -20.7 -34.0 0.42 -0.26 -0.63 37.425910 -122.151767 7.4 -0.6680 -2.2551 -1.0178 -0.189 0.555 -0.394
