iPhone Sensor Log from Crossbow started at Dec 14, 2011 1:38:34 AM Pacific Standard Time.
ElapsedTime(s) xMag(uT) yMag(uT) zMag(uT) xAccel(g) yAccel(g) zAccel(g) latitude(deg) longitude(deg) altitude(m) xRate(rad/sec) yRate(rad/sec) zRate(rad/sec) roll(rad) pitch(rad) yaw(rad)
1.00 8.9 -18.1 -21.6 0.74 0.53 -0.81 37.428012 -122.174242 34.6 -3.2386 -2.7020 1.7356 0.148 0.916 2.154
1.03 8.9 -18.1 -21.6 0.76 0.65 -0.94 37.428012 -122.174242 34.6 -2.8630 -3.4497 2.3901 -0.017 0.835 2.256
1.06 0.3 -14.8 -26.4 0.47 0.79 -1.15 37.428012 -122.174242 34.6 -3.2748 -3.5352 3.6024 -0.250 0.708 2.394
1.10 0.3 -14.8 -26.4 0.34 1.13 -1.91 37.428012 -122.174242 34.6 -3.0938 -2.4569 4.0534 -0.386 0.587 2.486
1.13 -6.6 -11.3 -28.3 0.17 1.33 -1.98 37.428012 -122.174242 34.6 -2.5547 -2.6888 4.9943 -0.504 0.463 2.580
1.16 -6.6 -11.3 -28.3 -0.26 1.59 -1.98 37.428012 -122.174242 34.6 -1.8141 -2.2304 6.0081 -0.616 0.329 2.690
1.19 -13.6 -4.8 -29.3 -0.33 1.98 -1.99 37.428012 -122.174242 34.6 0.6861 -0.6995 6.0852 -0.726 0.133 2.901
1.22 -13.6 -4.8 -29.3 -0.20 1.98 -1.79 37.428012 -122.174242 34.6 1.9428 -0.3930 6.8846 -0.753 0.041 3.062
1.25 -18.9 4.7 -30.1 -0.70 1.97 -1.29 37.428012 -122.174242 34.6 2.5810 0.0323 7.7868 -0.758 -0.054 -3.025
1.28 -18.9 4.7 -30.1 -1.54 1.95 -1.34 37.428012 -122.174242 34.6 2.0445 0.8012 8.0874 -0.723 -0.157 -2.815
1.31 -18.1 9.8 -32.2 -1.95 1.94 -1.79 37.428012 -122.174242 34.6 1.6598 1.8562 6.6411 -0.643 -0.253 -2.616
1.35 -18.1 9.8 -32.2 -1.95 1.93 -2.01 37.428012 -122.174242 34.6 1.7390 1.7492 6.5411 -0.502 -0.335 -2.368
1.38 -9.3 14.6 -35.1 -1.95 1.93 -2.01 37.428012 -122.174242 34.6 3.5353 2.2764 5.4529 -0.384 -0.337 -2.171
1.41 -9.3 14.6 -35.1 -1.95 1.83 -1.65 37.428012 -122.174242 34.6 4.6660 4.2246 3.2663 -0.243 -0.259 -2.019
1.44 -0.4 12.5 -35.3 -1.83 1.19 -1.20 37.428012 -122.174242 34.6 4.1068 5.2507 3.0216 -0.033 -0.111 -1.882
1.47 -0.4 12.5 -35.3 -1.57 0.74 -0.82 37.428012 -122.174242 34.6 3.3677 3.9233 1.8510 0.140 0.029 -1.797
1.50 11.9 3.4 -32.6 -0.79 0.38 -0.39 37.428012 -122.174242 34.6 2.5718 2.7064 0.5885 0.228 0.115 -1.784
1.53 11.9 3.4 -32.6 -0.82 0.24 -0.49 37.428012 -122.174242 34.6 1.2038 2.3094 1.1196 0.288 0.169 -1.775
1.56 17.1 -1.3 -29.3 -0.35 -0.01 -0.47 37.428012 -122.174242 34.6 1.8131 2.1585 -0.3815 0.377 0.220 -1.778
1.60 17.1 -1.3 -29.3 -0.16 -0.26 -0.44 37.428012 -122.174242 34.6 2.2526 0.6916 -0.9889 0.418 0.266 -1.820
1.63 19.9 -5.5 -25.5 -0.14 -0.41 -0.33 37.428012 -122.174242 34.6 2.3579 -0.7374 -0.6487 0.428 0.315 -1.874
1.66 19.9 -5.5 -25.5 -0.05 -0.43 -0.32 37.428012 -122.174242 34.6 0.9757 -0.7374 0.8774 0.396 0.360 -1.879
1.69 20.2 -7.6 -25.0 0.10 -0.27 -0.77 37.428012 -122.174242 34.6 -1.6467 1.1291 0.6473 0.445 0.356 -1.851
1.72 20.2 -7.6 -25.0 0.09 -0.36 -0.76 37.428012 -122.174242 34.6 -0.2349 0.1308 1.3865 0.449 0.335 -1.797
1.75 20.3 -8.4 -26.5 0.07 -0.53 -0.73 37.428012 -122.174242 34.6 1.1598 0.2409 1.6471 0.443 0.374 -1.760
1.78 20.3 -8.4 -26.5 0.56 -0.57 -0.81 37.428012 -122.174242 34.6 0.9733 -0.9113 -0.1227 0.430 0.405 -1.762
1.81 19.9 -9.2 -27.1 0.21 -0.51 -0.62 37.428012 -122.174242 34.6 1.3699 -2.9278 0.5301 0.350 0.447 -1.773
1.85 19.9 -9.2 -27.1 0.04 -0.54 -0.73 37.428012 -122.174242 34.6 0.9519 -1.4780 0.4738 0.285 0.485 -1.768
1.88 18.4 -11.0 -27.6 0.20 -0.40 -0.86 37.428012 -122.174242 34.6 0.0985 -0.1442 -0.5908 0.270 0.492 -1.774
1.91 18.4 -11.0 -27.6 0.32 -0.40 -1.22 37.428012 -122.174242 34.6 -0.7709 -0.7928 -1.0202 0.267 0.472 -1.798
1.94 14.9 -12.7 -28.6 0.28 -0.43 -0.99 37.428012 -122.174242 34.6 -0.4227 0.6531 -0.6588 0.273 0.435 -1.822
1.97 14.9 -12.7 -28.6 0.49 -0.53 -0.30 37.428012 -122.174242 34.6 0.8673 0.9687 -0.8053 0.323 0.446 -1.856
0.03 14.9 6.8 -31.0 0.36 -0.15 -0.50 37.428012 -122.174242 34.6 -1.0614 -1.1936 0.3167 0.118 0.336 -2.710
0.06 14.6 6.8 -30.5 0.73 -0.17 -0.77 37.428012 -122.174242 34.6 -1.2607 0.0103 -0.1363 0.099 0.291 -2.704
0.10 14.6 6.8 -30.5 0.88 -0.18 -0.64 37.428012 -122.174242 34.6 -1.3364 0.3958 0.5034 0.105 0.256 -2.694
0.13 14.7 8.2 -30.7 0.62 -0.23 -1.32 37.428012 -122.174242 34.6 -1.9530 -0.8137 1.0057 0.094 0.211 -2.666
0.16 14.7 8.2 -30.7 0.77 -0.09 -0.78 37.428012 -122.174242 34.6 -0.8123 -1.9130 0.1582 0.048 0.176 -2.649
0.19 14.4 10.3 -31.1 0.84 0.05 -1.40 37.428012 -122.174242 34.6 -1.5260 -0.8888 1.9418 -0.013 0.090 -2.621
0.22 14.4 10.3 -31.1 0.16 -0.02 -1.13 37.428012 -122.174242 34.6 -0.7615 1.1209 2.1863 -0.001 0.070 -2.556
0.25 13.2 13.0 -30.3 0.54 0.03 -1.04 37.428012 -122.174242 34.6 -2.1732 1.1394 1.6824 0.035 0.023 -2.504
0.28 13.2 13.0 -30.3 0.40 0.15 -1.96 37.428012 -122.174242 34.6 -2.7576 -1.8846 1.7085 0.023 -0.057 -2.458
0.32 14.1 14.7 -29.1 -0.10 0.44 -1.97 37.428012 -122.174242 34.6 -0.5262 -6.4720 3.3411 -0.125 -0.130 -2.369
0.35 14.1 14.7 -29.1 -0.17 0.37 -1.98 37.428012 -122.174242 34.6 1.4533 -1.2532 4.1559 -0.227 -0.122 -2.256
0.38 13.8 15.0 -29.7 -0.76 0.37 -1.98 37.428012 -122.174242 34.6 2.0203 1.6865 4.8457 -0.173 -0.100 -2.121
0.41 13.8 15.0 -29.7 -1.10 0.47 -1.99 37.428012 -122.174242 34.6 3.8112 -0.2762 3.9564 -0.154 -0.041 -1.987
0.44 14.2 10.8 -31.7 -1.76 0.59 -2.00 37.428012 -122.174242 34.6 5.7279 -2.4481 3.0146 -0.230 0.175 -1.782
0.47 14.2 10.8 -31.7 -1.97 0.64 -2.01 37.428012 -122.174242 34.6 5.9844 -2.1804 1.2080 -0.318 0.319 -1.679
0.50 14.0 -2.8 -33.7 -1.88 0.84 -1.52 37.428012 -122.174242 34.6 5.8550 -2.1443 -0.3949 -0.407 0.473 -1.609
0.53 14.0 -2.8 -33.7 -1.62 0.98 -1.10 37.428012 -122.174242 34.6 5.5863 -2.9666 -0.8320 -0.507 0.622 -1.549
0.56 10.3 -13.5 -31.9 -1.28 1.04 -0.82 37.428012 -122.174242 34.6 5.2223 -3.0803 -2.6192 -0.664 0.828 -1.477
0.60 10.3 -13.5 -31.9 -0.88 0.97 -0.48 37.428012 -122.174242 34.6 4.5530 -3.2409 -3.6023 -0.785 0.989 -1.436
0.63 7.5 -21.9 -26.5 -0.58 0.92 -0.22 37.428012 -122.174242 34.6 3.6099 -3.6525 -4.0933 -0.897 1.144 -1.420
0.66 7.5 -21.9 -26.5 -0.25 0.75 0.06 37.428012 -122.174242 34.6 3.1750 -3.7402 -4.1234 -1.034 1.289 -1.385
0.69 8.7 -28.1 -15.3 -0.11 0.66 0.25 37.428012 -122.174242 34.6 2.3495 -4.1323 -3.6697 -1.729 1.499 -0.871
0.72 8.7 -28.1 -15.3 0.03 0.55 0.43 37.428012 -122.174242 34.6 1.7415 -4.9718 -3.3077 2.720 1.494 0.839
0.75 12.3 -26.9 -9.1 0.21 0.47 0.35 37.428012 -122.174242 34.6 0.7768 -5.4988 -3.1234 2.174 1.410 1.238
0.78 12.3 -26.9 -9.1 0.28 0.39 0.15 37.428012 -122.174242 34.6 -0.2914 -5.4305 -2.5408 1.869 1.338 1.394
0.81 16.6 -23.0 -6.9 0.36 0.34 0.17 37.428012 -122.174242 34.6 -0.8603 -5.4016 -1.7844 1.536 1.263 1.529
0.85 16.6 -23.0 -6.9 0.40 0.25 0.13 37.428012 -122.174242 34.6 -1.2355 -5.1006 -1.2454 1.322 1.218 1.603
0.88 16.5 -21.5 -10.0 0.32 0.33 0.13 37.428012 -122.174242 34.6 -1.3680 -5.4997 -0.6417 1.107 1.182 1.674
0.91 16.5 -21.5 -10.0 0.40 0.42 -0.28 37.428012 -122.174242 34.6 -1.9851 -4.8173 -0.2147 0.884 1.148 1.758
0.94 12.7 -20.0 -17.2 0.47 0.50 -0.45 37.428012 -122.174242 34.6 -2.8265 -4.2411 0.5968 0.517 1.061 1.947
0.97 12.7 -20.0 -17.2 0.47 0.50 -0.45 37.428012 -122.174242 34.6 -3.0745 -3.6743 1.0408 0.314 0.995 2.054
