iPhone Sensor Log from Crossbow started at Dec 14, 2011 12:36:14 AM Pacific Standard Time.
ElapsedTime(s) xMag(uT) yMag(uT) zMag(uT) xAccel(g) yAccel(g) zAccel(g) latitude(deg) longitude(deg) altitude(m) xRate(rad/sec) yRate(rad/sec) zRate(rad/sec) roll(rad) pitch(rad) yaw(rad)
0.03 -1.3 3.4 -16.9 0.02 -0.43 -0.95 37.428767 -122.173634 34.0 -0.3601 -0.1876 -0.0582 0.035 0.432 -3.077
0.06 -1.6 3.8 -16.7 0.03 -0.41 -0.95 37.428767 -122.173634 34.0 -0.1543 -0.1085 -0.0116 0.031 0.425 -3.078
0.10 -1.6 3.8 -16.7 0.06 -0.31 -0.88 37.427933 -122.174555 34.0 -0.0710 -0.0900 0.0257 0.028 0.425 -3.078
0.13 -1.9 4.3 -16.4 -0.01 -0.42 -0.95 37.427933 -122.174555 34.0 -0.3690 -0.3343 0.0891 0.023 0.420 -3.076
0.16 -1.9 4.3 -16.4 -0.00 -0.42 -1.04 37.427933 -122.174555 34.0 -0.3035 -0.2074 0.0320 0.009 0.407 -3.070
0.19 -3.0 4.4 -16.6 -0.06 -0.41 -0.96 37.427933 -122.174555 34.0 0.0258 -0.3878 -0.0600 -0.003 0.404 -3.070
0.22 -3.0 4.4 -16.6 0.08 -0.43 -1.00 37.427933 -122.174555 34.0 0.2117 0.0563 -0.0469 -0.006 0.409 -3.071
0.25 -3.6 4.8 -16.8 -0.03 -0.37 -0.85 37.427933 -122.174555 34.0 -0.2657 -0.3826 0.0440 -0.006 0.407 -3.071
0.28 -3.6 4.8 -16.8 -0.09 -0.35 -0.95 37.427933 -122.174555 34.0 -0.8270 -0.2350 -0.0814 -0.018 0.393 -3.070
0.31 -3.1 4.7 -16.9 -0.02 -0.34 -0.91 37.427933 -122.174555 34.0 -1.1084 -0.5934 0.4462 -0.045 0.339 -3.057
0.35 -3.1 4.7 -16.9 -0.11 -0.19 -0.92 37.427933 -122.174555 34.0 -1.1697 -0.4899 0.5307 -0.065 0.309 -3.047
0.38 -2.8 5.5 -16.8 -0.09 -0.22 -0.95 37.427933 -122.174555 34.0 -1.4935 -0.0087 0.5453 -0.072 0.269 -3.031
0.41 -2.8 5.5 -16.8 -0.05 -0.17 -0.91 37.427933 -122.174555 34.0 -0.5412 0.0751 0.0612 -0.070 0.232 -3.025
0.44 -2.6 6.6 -16.0 -0.03 -0.05 -0.94 37.427933 -122.174555 34.0 -0.2415 -0.3370 0.1794 -0.078 0.222 -3.022
0.47 -2.6 6.6 -16.0 -0.12 -0.36 -0.88 37.427933 -122.174555 34.0 0.4260 0.6533 -0.2315 -0.069 0.231 -3.022
0.50 -2.7 6.9 -15.6 -0.16 -0.25 -0.94 37.427933 -122.174555 34.0 0.6313 0.1894 -0.0183 -0.060 0.249 -3.026
0.53 -2.7 6.9 -15.6 0.15 -0.28 -0.92 37.427933 -122.174555 34.0 -0.0463 0.5757 -0.6602 -0.033 0.264 -3.041
0.56 -2.7 6.8 -14.7 -0.10 -0.27 -0.93 37.427933 -122.174555 34.0 -0.5659 0.6909 0.1114 -0.004 0.253 -3.053
0.60 -2.7 6.8 -14.7 0.04 -0.20 -1.05 37.427933 -122.174555 34.0 -0.3410 -0.9626 -0.6764 -0.014 0.242 -3.055
0.63 -2.6 6.6 -14.9 0.09 -0.19 -0.72 37.427933 -122.174555 34.0 0.0094 -1.9513 -1.0828 -0.054 0.237 -3.087
0.66 -2.6 6.6 -14.9 -0.09 -0.21 -0.90 37.427933 -122.174555 34.0 -0.3216 -0.5666 0.2731 -0.100 0.239 -3.096
0.69 -3.3 7.0 -15.7 0.10 -0.13 -1.03 37.427933 -122.174555 34.0 -1.1560 0.0256 0.2623 -0.104 0.214 -3.089
0.72 -3.3 7.0 -15.7 0.20 -0.13 -0.96 37.427933 -122.174555 34.0 -1.0641 -0.2225 -0.3603 -0.108 0.184 -3.097
0.75 -3.4 7.9 -14.8 0.13 -0.18 -1.15 37.427933 -122.174555 34.0 -0.7179 0.2686 0.3070 -0.105 0.159 -3.100
0.78 -3.4 7.9 -14.8 0.13 -0.18 -1.15 37.427933 -122.174555 34.0 -1.4635 0.4142 0.6652 -0.095 0.123 -3.082
0.81 -3.5 8.8 -14.7 0.33 -0.24 -1.37 37.427933 -122.174555 34.0 -1.0502 0.4364 1.0041 -0.084 0.073 -3.059
0.85 -3.5 8.8 -14.7 0.33 -0.37 -1.51 37.427933 -122.174555 34.0 -0.5787 0.7446 1.6667 -0.067 0.052 -3.021
0.88 -3.0 9.9 -15.2 0.18 -0.49 -1.96 37.427933 -122.174555 34.0 -0.2270 0.2873 1.4948 -0.055 0.036 -2.976
0.91 -3.0 9.9 -15.2 0.17 -0.40 -1.96 37.427933 -122.174555 34.0 1.3361 -0.1662 1.5370 -0.060 0.056 -2.923
0.94 -1.6 10.4 -15.1 -0.19 -0.34 -1.97 37.427933 -122.174555 34.0 2.3694 -0.0108 1.9121 -0.066 0.108 -2.870
0.97 -1.6 10.4 -15.1 -0.50 -0.28 -1.82 37.427933 -122.174555 34.0 2.9714 0.3309 1.5904 -0.070 0.181 -2.815
1.00 -1.4 8.2 -15.2 -0.60 -0.22 -1.56 37.427933 -122.174555 34.0 3.3035 0.7507 1.1562 -0.063 0.267 -2.771
1.03 -1.4 8.2 -15.2 -0.74 -0.18 -1.36 37.427933 -122.174555 34.0 3.4403 0.2104 0.5463 -0.058 0.391 -2.730
1.06 -1.3 4.3 -14.9 -0.67 -0.12 -1.24 37.427933 -122.174555 34.0 3.5091 -0.1145 -0.2979 -0.065 0.520 -2.720
1.10 -1.3 4.3 -14.9 -0.56 -0.06 -1.06 37.427933 -122.174555 34.0 3.4945 -0.0647 -0.6343 -0.062 0.619 -2.729
1.13 -1.1 1.1 -15.1 -0.48 -0.11 -0.85 37.427933 -122.174555 34.0 3.4633 -0.2035 -0.7728 -0.057 0.715 -2.746
1.16 -1.1 1.1 -15.1 -0.46 -0.19 -0.68 37.427933 -122.174555 34.0 3.3085 -0.5247 -1.0111 -0.046 0.844 -2.784
1.19 -1.9 -2.6 -15.4 -0.35 -0.25 -0.60 37.427933 -122.174555 34.0 3.0526 -0.6376 -1.1945 -0.027 0.933 -2.829
1.22 -1.9 -2.6 -15.4 -0.29 -0.32 -0.52 37.427933 -122.174555 34.0 2.8740 -1.0686 -1.2245 -0.004 1.016 -2.887
1.25 -2.2 -4.9 -15.2 -0.24 -0.37 -0.42 37.427933 -122.174555 34.0 2.7186 -1.3383 -1.3287 0.024 1.093 -2.960
1.28 -2.2 -4.9 -15.2 -0.22 -0.40 -0.36 37.427933 -122.174555 34.0 2.4474 -1.4536 -1.3380 0.071 1.163 -3.054
1.32 -2.1 -6.7 -15.3 -0.21 -0.39 -0.32 37.427933 -122.174555 34.0 2.0139 -1.8924 -1.4512 0.200 1.256 3.009
1.35 -2.1 -6.7 -15.3 -0.19 -0.41 -0.25 37.427933 -122.174555 34.0 1.7896 -1.9978 -1.5313 0.320 1.296 2.825
1.38 -2.6 -9.1 -14.8 -0.19 -0.44 -0.18 37.427933 -122.174555 34.0 1.5555 -2.1117 -1.5729 0.482 1.322 2.598
1.41 -2.6 -9.1 -14.8 -0.18 -0.39 -0.11 37.427933 -122.174555 34.0 1.2716 -2.6295 -1.7658 0.718 1.331 2.263
1.44 -3.8 -11.4 -13.7 -0.07 -0.35 -0.09 37.427933 -122.174555 34.0 0.8465 -2.7555 -1.9997 0.870 1.314 2.028
1.47 -3.8 -11.4 -13.7 0.09 -0.29 -0.11 37.427933 -122.174555 34.0 0.5038 -2.5288 -2.0664 0.971 1.278 1.846
1.50 -4.7 -14.4 -12.0 0.13 -0.24 -0.07 37.427933 -122.174555 34.0 0.3395 -2.7792 -1.8383 1.017 1.240 1.721
1.53 -4.7 -14.4 -12.0 0.33 -0.15 -0.02 37.427933 -122.174555 34.0 -0.0729 -3.0721 -1.8635 1.015 1.184 1.603
1.57 -5.4 -16.3 -11.1 0.40 -0.12 -0.14 37.427933 -122.174555 34.0 -0.6649 -2.9673 -1.4329 0.952 1.124 1.551
1.60 -5.4 -16.3 -11.1 0.44 -0.06 -0.17 37.427933 -122.174555 34.0 -0.9222 -3.4093 -1.2133 0.869 1.082 1.543
1.63 -5.6 -17.7 -9.9 0.49 -0.02 -0.24 37.427933 -122.174555 34.0 -1.3655 -3.2892 -0.9686 0.770 1.038 1.548
1.66 -5.6 -17.7 -9.9 0.43 0.04 -0.49 37.427933 -122.174555 34.0 -2.0152 -3.2026 -0.4503 0.618 0.971 1.590
1.69 -6.0 -17.1 -11.0 0.42 -0.02 -0.63 37.427933 -122.174555 34.0 -2.2564 -3.3210 -0.1210 0.489 0.916 1.633
1.72 -6.0 -17.1 -11.0 0.46 0.05 -0.77 37.427933 -122.174555 34.0 -2.4839 -2.9643 0.0253 0.370 0.856 1.676
1.75 -8.6 -15.3 -11.6 0.41 0.02 -0.87 37.427933 -122.174555 34.0 -2.6547 -2.7432 0.4487 0.260 0.789 1.718
1.78 -8.6 -15.3 -11.6 0.38 0.09 -1.18 37.427933 -122.174555 34.0 -2.9735 -2.3691 0.8144 0.127 0.690 1.779
1.81 -11.3 -13.8 -12.1 0.25 0.11 -1.18 37.427933 -122.174555 34.0 -2.8546 -2.8609 1.2390 -0.006 0.583 1.833
1.85 -11.3 -13.8 -12.1 0.17 0.15 -1.23 37.427933 -122.174555 34.0 -2.7896 -2.4842 1.5729 -0.102 0.504 1.876
1.88 -14.4 -9.4 -13.7 -0.01 0.20 -1.53 37.427933 -122.174555 34.0 -3.1952 -2.2242 1.8180 -0.184 0.414 1.915
1.91 -14.4 -9.4 -13.7 -0.03 0.18 -1.72 37.427933 -122.174555 34.0 -2.9451 -1.9668 2.0820 -0.279 0.283 1.961
1.94 -16.5 -4.5 -12.7 -0.03 0.29 -1.67 37.427933 -122.174555 34.0 -2.2917 -1.7734 2.4539 -0.340 0.197 2.002
1.97 -16.5 -4.5 -12.7 -0.18 0.33 -1.83 37.427933 -122.174555 34.0 -2.1356 -1.3350 3.0420 -0.391 0.112 2.053
2.00 -18.0 3.4 -9.6 -0.29 0.46 -1.98 37.427933 -122.174555 34.0 -1.8120 -1.0936 3.5572 -0.428 0.024 2.117
2.03 -18.0 3.4 -9.6 -0.47 0.65 -1.98 37.427933 -122.174555 34.0 -0.6783 -1.4314 4.2307 -0.472 -0.082 2.228
2.07 -17.0 8.1 -7.0 -0.98 0.62 -1.96 37.427933 -122.174555 34.0 0.7842 -1.1294 5.0832 -0.501 -0.157 2.387
2.10 -17.0 8.1 -7.0 -1.20 0.51 -1.99 37.427933 -122.174555 34.0 1.4887 -0.4787 5.1259 -0.498 -0.197 2.532
2.13 -15.7 11.9 -5.1 -1.19 0.50 -1.84 37.427933 -122.174555 34.0 2.0814 0.1313 4.5000 -0.470 -0.214 2.677
2.16 -15.7 11.9 -5.1 -1.25 0.44 -1.41 37.427933 -122.174555 34.0 3.1900 1.6593 3.9785 -0.404 -0.188 2.864
2.19 -11.1 14.6 -7.6 -1.17 0.35 -0.91 37.427933 -122.174555 34.0 3.2491 2.6512 3.3567 -0.317 -0.139 2.993
2.22 -11.1 14.6 -7.6 -1.01 0.25 -0.83 37.427933 -122.174555 34.0 2.7953 3.2349 2.7343 -0.223 -0.081 3.095
2.25 -7.2 14.1 -11.9 -0.86 0.24 -0.67 37.427933 -122.174555 34.0 2.5520 2.7922 2.0464 -0.130 -0.021 -3.109
2.28 -7.2 14.1 -11.9 -0.56 0.13 -0.67 37.427933 -122.174555 34.0 2.2362 1.9559 0.9528 -0.073 0.039 -3.062
2.31 -3.7 10.9 -15.9 -0.44 0.05 -0.46 37.427933 -122.174555 34.0 2.1831 0.9424 -0.1863 -0.008 0.137 -3.048
2.35 -3.7 10.9 -15.9 -0.31 -0.03 -0.50 37.427933 -122.174555 34.0 1.6765 0.6988 -0.4064 0.015 0.193 -3.059
2.38 -2.5 8.3 -16.3 -0.26 -0.06 -0.72 37.427933 -122.174555 34.0 0.5176 0.5277 0.0839 0.032 0.220 -3.064
2.41 -2.5 8.3 -16.3 -0.15 -0.15 -0.81 37.427933 -122.174555 34.0 0.0402 0.7323 0.3185 0.047 0.224 -3.056
2.44 -1.4 6.2 -17.1 -0.04 -0.15 -0.95 37.427933 -122.174555 34.0 0.0319 0.5782 0.3302 0.071 0.226 -3.045
2.47 -1.4 6.2 -17.1 -0.05 -0.21 -0.88 37.427933 -122.174555 34.0 0.5863 0.1082 0.3711 0.069 0.234 -3.033
2.50 -1.0 6.4 -17.4 0.01 -0.27 -0.71 37.427933 -122.174555 34.0 1.1156 -0.3798 0.6173 0.061 0.260 -3.020
2.53 -1.0 6.4 -17.4 0.01 -0.27 -0.71 37.427933 -122.174555 34.0 0.7545 -0.4528 0.4444 0.037 0.300 -3.001
2.57 -1.3 6.0 -17.9 -0.05 -0.34 -0.83 37.427933 -122.174555 34.0 0.0283 -0.0090 0.4622 0.016 0.310 -2.981
2.60 -1.3 6.0 -17.9 -0.14 -0.29 -0.92 37.427933 -122.174555 34.0 0.3046 0.1394 0.0668 0.005 0.313 -2.970
2.63 -1.4 4.5 -17.9 0.02 -0.32 -0.77 37.427933 -122.174555 34.0 -0.0423 0.9619 0.1153 0.021 0.319 -2.969
2.66 -1.4 4.5 -17.9 0.08 -0.36 -0.89 37.427933 -122.174555 34.0 -0.6467 1.3864 0.2991 0.053 0.308 -2.961
2.69 -0.8 4.1 -17.9 0.04 -0.31 -1.19 37.427933 -122.174555 34.0 -0.0129 0.8986 -0.1544 0.096 0.288 -2.955
2.72 -0.8 4.1 -17.9 0.20 -0.32 -0.92 37.427933 -122.174555 34.0 0.6244 -0.0080 -0.4816 0.113 0.303 -2.971
2.75 -0.3 4.9 -18.0 0.29 -0.33 -0.95 37.427933 -122.174555 34.0 0.4790 -0.1187 -0.2663 0.118 0.317 -2.984
2.78 -0.3 4.9 -18.0 0.13 -0.32 -0.88 37.427933 -122.174555 34.0 0.4021 -0.2336 -0.0640 0.114 0.330 -2.990
2.82 -0.6 5.4 -18.2 0.04 -0.35 -0.94 37.427933 -122.174555 34.0 0.2193 0.1984 -0.0897 0.106 0.345 -2.989
2.85 -0.6 5.4 -18.2 0.20 -0.36 -0.86 37.427933 -122.174555 34.0 0.2649 -0.0188 -0.4136 0.126 0.356 -3.003
2.88 -0.5 5.3 -18.8 0.22 -0.33 -0.92 37.427933 -122.174555 34.0 0.0545 0.2031 -0.2172 0.144 0.356 -3.017
2.91 -0.5 5.3 -18.8 0.06 -0.32 -0.96 37.427933 -122.174555 34.0 0.1808 0.0884 -0.0255 0.142 0.355 -3.018
2.94 0.2 5.2 -18.5 0.12 -0.34 -0.87 37.427933 -122.174555 34.0 0.3035 0.3958 -0.3249 0.152 0.367 -3.024
