iPhone Sensor Log from Crossbow started at Dec 4, 2011 10:58:31 PM Pacific Standard Time.
ElapsedTime(s) xMag(uT) yMag(uT) zMag(uT) xAccel(g) yAccel(g) zAccel(g) latitude(deg) longitude(deg) altitude(m) xRate(rad/sec) yRate(rad/sec) zRate(rad/sec) roll(rad) pitch(rad) yaw(rad)
0.03 -2.6 -2.8 -48.9 0.06 -0.10 -0.95 0 0 0 0.0493 -0.0748 0.1146 0.037 0.103 0.002
0.06 -2.9 -3.6 -47.2 0.08 -0.10 -0.97 0 0 0 -0.0453 -0.0373 0.0374 0.038 0.103 0.003
0.10 -2.9 -3.6 -47.2 0.15 -0.06 -0.95 0 0 0 -0.0439 0.0439 0.0141 0.041 0.102 0.004
0.13 -2.4 -3.4 -46.4 0.17 -0.05 -1.08 0 0 0 -0.3324 0.1362 0.0587 0.055 0.092 0.003
0.16 -2.4 -3.4 -46.4 0.17 -0.07 -1.02 0 0 0 -0.2839 -0.0304 0.2471 0.058 0.082 0.009
0.19 -1.3 -1.6 -46.4 0.20 -0.07 -0.92 0 0 0 -0.1090 -0.0590 0.3123 0.063 0.078 0.017
0.22 -1.3 -1.6 -46.4 0.19 -0.06 -0.93 0 0 0 -0.3080 -0.1212 0.3844 0.064 0.073 0.027
0.25 -0.8 -0.4 -46.3 0.20 -0.08 -1.01 0 0 0 -0.5222 -0.1883 0.4385 0.062 0.053 0.047
0.28 -0.8 -0.4 -46.3 0.18 -0.06 -0.94 0 0 0 -0.2895 -0.3155 0.6077 0.056 0.044 0.062
0.31 -0.9 -0.2 -46.3 0.15 -0.04 -1.01 0 0 0 -0.3178 -0.4099 0.7055 0.044 0.038 0.082
0.35 -0.9 -0.2 -46.3 0.15 -0.03 -1.08 0 0 0 -0.4943 0.1129 0.6324 0.042 0.027 0.101
0.38 -0.7 0.7 -46.2 0.15 -0.02 -1.10 0 0 0 -0.3848 -0.0356 0.6599 0.042 0.012 0.125
0.41 -0.7 0.7 -46.2 0.15 -0.02 -1.10 0 0 0 -0.3337 0.0556 0.7218 0.042 0.003 0.145
0.44 0.3 1.7 -46.1 0.14 0.02 -1.23 0 0 0 -0.4019 0.0145 0.7051 0.043 -0.006 0.166
0.47 0.3 1.7 -46.1 0.19 0.06 -1.36 0 0 0 -0.3144 0.0558 0.8695 0.044 -0.016 0.187
0.50 2.8 1.7 -42.1 0.04 0.07 -1.26 0 0 0 0.0786 0.0302 1.2363 0.045 -0.015 0.229
0.53 2.8 1.7 -42.1 -0.02 0.07 -1.25 0 0 0 0.1063 0.3001 1.1747 0.051 -0.010 0.274
0.56 1.2 1.3 -39.0 -0.05 0.05 -1.26 0 0 0 0.1049 0.3299 1.0965 0.062 -0.006 0.305
0.60 1.2 1.3 -39.0 -0.08 0.06 -1.25 0 0 0 0.4296 0.1053 1.0923 0.065 0.006 0.335
0.63 -3.2 0.9 -40.3 -0.14 0.05 -1.22 0 0 0 0.4241 0.5135 1.1282 0.077 0.025 0.375
0.66 -3.2 0.9 -40.3 -0.22 0.01 -1.16 0 0 0 0.2467 1.0016 0.9497 0.098 0.038 0.404
0.69 -1.3 0.9 -43.4 -0.15 -0.02 -1.24 0 0 0 0.3060 0.6592 0.7610 0.122 0.047 0.425
0.72 -1.3 0.9 -43.4 -0.13 -0.00 -1.22 0 0 0 0.6325 0.1374 0.7179 0.130 0.063 0.444
0.75 1.4 -0.5 -45.6 -0.13 -0.01 -1.12 0 0 0 0.9321 -0.1938 0.3759 0.126 0.097 0.461
0.78 1.4 -0.5 -45.6 -0.12 -0.04 -1.08 0 0 0 1.1058 -0.3454 0.3638 0.115 0.135 0.468
0.81 0.9 -2.8 -45.5 -0.25 -0.05 -0.96 0 0 0 1.2296 -0.4509 0.2890 0.101 0.169 0.474
0.85 0.9 -2.8 -45.5 -0.25 -0.12 -0.89 0 0 0 1.3019 -0.5986 -0.0113 0.085 0.205 0.474
0.88 0.6 -6.5 -45.2 -0.31 -0.15 -0.78 0 0 0 1.3968 -0.7604 -0.1278 0.062 0.255 0.467
0.91 0.6 -6.5 -45.2 -0.23 -0.11 -0.76 0 0 0 1.1381 -0.7099 -0.4790 0.044 0.290 0.456
0.94 -0.7 -9.8 -44.7 -0.22 -0.11 -0.76 0 0 0 1.0396 -0.9135 -0.4226 0.026 0.320 0.440
0.97 -0.7 -9.8 -44.7 -0.28 -0.17 -0.78 0 0 0 0.9324 -0.6839 -0.5370 0.009 0.346 0.427
1.00 -2.9 -13.3 -42.8 -0.29 -0.21 -0.68 0 0 0 0.9393 -1.0625 -0.7808 -0.014 0.382 0.399
1.03 -2.9 -13.3 -42.8 -0.29 -0.24 -0.71 0 0 0 0.6012 -0.9741 -0.8274 -0.040 0.411 0.367
1.06 -3.8 -14.7 -42.0 -0.35 -0.23 -0.66 0 0 0 0.4400 -1.2535 -0.9328 -0.061 0.427 0.342
1.10 -3.8 -14.7 -42.0 -0.26 -0.25 -0.74 0 0 0 0.2390 -1.1308 -0.9998 -0.081 0.437 0.312
1.13 -7.7 -16.4 -41.2 -0.28 -0.22 -0.64 0 0 0 0.2265 -1.2405 -0.8467 -0.103 0.446 0.284
1.16 -7.7 -16.4 -41.2 -0.23 -0.22 -0.65 0 0 0 -0.1133 -0.7607 -0.8742 -0.124 0.450 0.249
1.19 -9.3 -16.9 -39.7 -0.21 -0.24 -0.59 0 0 0 -0.1196 -0.9505 -0.9222 -0.135 0.450 0.222
1.22 -9.3 -16.9 -39.7 -0.15 -0.26 -0.52 0 0 0 -0.2962 -0.8718 -0.9602 -0.150 0.449 0.192
1.25 -10.5 -17.2 -39.1 -0.06 -0.23 -0.61 0 0 0 -0.5403 -0.4021 -1.0847 -0.152 0.437 0.148
1.28 -10.5 -17.2 -39.1 -0.02 -0.25 -0.45 0 0 0 -0.3971 -0.8045 -1.0076 -0.153 0.428 0.099
1.31 -12.5 -16.7 -38.7 -0.13 -0.18 -0.43 0 0 0 -0.8037 -0.7510 -0.7696 -0.167 0.416 0.072
1.35 -12.5 -16.7 -38.7 -0.05 -0.20 -0.66 0 0 0 -1.1535 0.0163 -1.0473 -0.160 0.390 0.038
1.38 -13.2 -15.2 -38.5 0.00 -0.18 -0.59 0 0 0 -0.8901 -0.3616 -1.1406 -0.146 0.362 -0.011
1.41 -13.2 -15.2 -38.5 0.06 -0.14 -0.83 0 0 0 -1.2054 -0.3207 -1.0273 -0.147 0.337 -0.047
1.44 -13.5 -13.8 -39.7 0.09 -0.18 -0.88 0 0 0 -1.1222 0.1061 -1.0070 -0.136 0.307 -0.082
1.47 -13.5 -13.8 -39.7 0.17 -0.16 -0.76 0 0 0 -0.7560 0.0012 -0.9470 -0.126 0.287 -0.112
1.50 -13.9 -13.0 -40.8 0.26 -0.18 -0.98 0 0 0 -1.0588 0.4039 -0.8167 -0.109 0.258 -0.150
1.53 -13.9 -13.0 -40.8 0.26 -0.16 -0.93 0 0 0 -0.7263 0.1282 -0.5960 -0.090 0.227 -0.180
1.56 -13.5 -10.5 -42.3 0.33 -0.12 -0.92 0 0 0 -0.6374 0.6887 -0.5717 -0.071 0.211 -0.199
1.60 -13.5 -10.5 -42.3 0.40 -0.11 -1.03 0 0 0 -0.7447 0.5806 -0.4812 -0.046 0.192 -0.215
1.63 -12.5 -9.7 -43.3 0.38 -0.08 -1.05 0 0 0 -0.7376 0.5151 -0.2911 -0.030 0.171 -0.227
1.66 -12.5 -9.7 -43.3 0.24 -0.08 -1.19 0 0 0 -0.8044 0.6547 0.1281 -0.007 0.144 -0.228
1.69 -9.8 -8.6 -45.4 0.30 -0.10 -1.15 0 0 0 -0.5933 0.5355 0.0499 0.008 0.125 -0.225
1.72 -9.8 -8.6 -45.4 0.30 -0.03 -1.17 0 0 0 -0.6054 0.6333 0.0673 0.024 0.109 -0.224
1.75 -8.3 -6.6 -46.0 0.21 -0.00 -1.23 0 0 0 -0.7851 0.7994 0.3637 0.049 0.083 -0.213
1.78 -8.3 -6.6 -46.0 0.30 -0.05 -1.31 0 0 0 -0.7211 0.3677 0.2740 0.072 0.056 -0.200
1.81 -5.9 -3.2 -46.3 0.11 -0.05 -1.28 0 0 0 -0.5472 0.1269 0.7091 0.076 0.040 -0.185
1.85 -5.9 -3.2 -46.3 -0.00 -0.03 -1.25 0 0 0 -0.4646 0.1908 0.8024 0.079 0.028 -0.161
1.88 -4.6 -2.2 -47.4 0.06 -0.07 -1.38 0 0 0 -0.6202 0.3411 0.5036 0.088 0.010 -0.135
1.91 -4.6 -2.2 -47.4 0.03 -0.01 -1.30 0 0 0 -0.4066 0.4202 0.5898 0.100 -0.003 -0.119
1.94 -3.4 -1.4 -47.2 -0.10 -0.01 -1.25 0 0 0 -0.2427 0.1602 0.8905 0.107 -0.008 -0.097
1.97 -3.4 -1.4 -47.2 -0.15 -0.05 -1.25 0 0 0 -0.1029 0.0919 0.8492 0.111 -0.009 -0.072
2.00 -1.7 0.4 -46.9 -0.08 -0.01 -1.22 0 0 0 -0.0394 -0.0738 0.5910 0.108 -0.010 -0.045
2.03 -1.7 0.4 -46.9 -0.11 -0.01 -1.07 0 0 0 0.2729 -0.0704 0.7174 0.106 -0.001 -0.022
2.06 -1.1 0.7 -48.0 -0.17 -0.04 -1.06 0 0 0 0.3421 -0.2729 0.6684 0.098 0.010 -0.004
2.10 -1.1 0.7 -48.0 -0.21 -0.04 -1.01 0 0 0 0.3960 -0.4992 0.7094 0.084 0.022 0.015
2.13 -1.0 -0.8 -47.7 -0.09 -0.03 -0.93 0 0 0 0.4144 -0.1520 0.4505 0.073 0.035 0.030
2.16 -1.0 -0.8 -47.7 -0.12 -0.04 -0.95 0 0 0 0.4087 -0.0350 0.4221 0.061 0.053 0.044
2.19 0.0 -2.4 -47.2 -0.22 -0.09 -0.94 0 0 0 0.3750 -0.0996 0.5713 0.046 0.065 0.059
2.22 0.0 -2.4 -47.2 -0.15 -0.09 -0.96 0 0 0 0.2552 0.1202 0.3333 0.026 0.076 0.072
