iPhone Sensor Log from Crossbow started at Dec 14, 2011 1:33:44 AM Pacific Standard Time.
ElapsedTime(s) xMag(uT) yMag(uT) zMag(uT) xAccel(g) yAccel(g) zAccel(g) latitude(deg) longitude(deg) altitude(m) xRate(rad/sec) yRate(rad/sec) zRate(rad/sec) roll(rad) pitch(rad) yaw(rad)
0.03 -17.5 12.2 -30.9 -0.20 -0.34 -0.88 37.428006 -122.174270 34.0 -0.6429 0.0231 0.0806 -0.300 0.334 2.374
0.06 -17.5 12.2 -30.9 -0.26 -0.34 -0.76 37.428006 -122.174270 34.0 -0.1842 -0.0656 0.2018 -0.299 0.325 2.374
0.10 -18.2 13.2 -29.8 -0.31 -0.28 -0.68 37.428006 -122.174270 34.0 -0.4866 -0.2312 0.2372 -0.308 0.312 2.381
0.13 -18.2 13.2 -29.8 -0.21 -0.24 -0.83 37.428006 -122.174270 34.0 -1.0267 0.1445 0.0084 -0.310 0.291 2.377
0.16 -18.9 14.9 -28.1 -0.21 -0.24 -0.83 37.428006 -122.174270 34.0 -1.4877 0.1214 0.4508 -0.302 0.253 2.372
0.19 -18.9 14.9 -28.1 -0.34 -0.22 -0.96 37.428006 -122.174270 34.0 -1.7292 0.1341 0.5104 -0.301 0.205 2.373
0.22 -18.6 16.5 -27.3 -0.29 -0.02 -1.14 37.428006 -122.174270 34.0 -1.4953 0.5679 0.6522 -0.284 0.141 2.372
0.25 -18.6 16.5 -27.3 -0.30 -0.12 -1.07 37.428006 -122.174270 34.0 -0.9856 0.1643 0.4837 -0.278 0.106 2.379
0.28 -17.8 19.6 -26.0 -0.30 0.00 -1.26 37.428006 -122.174270 34.0 -0.6769 0.5660 0.1264 -0.267 0.080 2.380
0.32 -17.8 19.6 -26.0 -0.18 -0.14 -0.93 37.428006 -122.174270 34.0 0.8377 -0.3688 0.3000 -0.260 0.094 2.394
0.35 -16.8 21.1 -26.2 -0.24 -0.13 -0.76 37.428006 -122.174270 34.0 -0.0518 -0.0025 0.3637 -0.267 0.102 2.405
0.38 -16.8 21.1 -26.2 -0.17 -0.11 -0.86 37.428006 -122.174270 34.0 -0.3785 -0.3366 0.3700 -0.277 0.091 2.411
0.41 -15.8 22.0 -26.5 -0.11 -0.16 -0.70 37.428006 -122.174270 34.0 -0.7842 -0.6543 0.6583 -0.292 0.073 2.421
0.44 -15.8 22.0 -26.5 -0.37 -0.04 -0.95 37.428006 -122.174270 34.0 -1.5218 -1.8767 0.9324 -0.337 0.019 2.436
0.47 -16.1 22.8 -24.9 -0.43 0.10 -0.87 37.428006 -122.174270 34.0 -0.9294 -2.3541 0.3924 -0.401 -0.020 2.442
0.50 -16.1 22.8 -24.9 -0.40 0.16 -0.98 37.428006 -122.174270 34.0 -0.9656 -2.4093 0.2774 -0.465 -0.045 2.438
0.53 -17.7 24.6 -22.3 -0.21 -0.03 -0.69 37.428006 -122.174270 34.0 -0.5274 -3.4256 0.3947 -0.549 -0.069 2.436
0.56 -17.7 24.6 -22.3 -0.51 0.36 -0.70 37.428006 -122.174270 34.0 -0.7548 -4.4855 2.5556 -0.688 -0.120 2.467
0.60 -21.6 27.3 -16.6 -0.45 0.25 -0.51 37.428006 -122.174270 34.0 0.2996 -3.7208 1.7950 -0.838 -0.174 2.519
0.63 -21.6 27.3 -16.6 -0.44 0.28 -0.73 37.428006 -122.174270 34.0 0.3222 -2.7785 2.2802 -0.912 -0.213 2.564
0.66 -22.1 30.2 -13.3 -0.57 0.27 -0.64 37.428006 -122.174270 34.0 0.8659 -4.1514 1.8248 -0.996 -0.253 2.618
0.69 -22.1 30.2 -13.3 -0.58 0.30 -0.24 37.428006 -122.174270 34.0 1.5443 -4.6670 2.0378 -1.111 -0.281 2.678
0.72 -20.6 33.3 -8.4 -0.60 0.44 -0.31 37.428006 -122.174270 34.0 0.6686 -3.0571 3.1659 -1.223 -0.352 2.755
0.75 -20.6 33.3 -8.4 -0.79 0.64 -0.39 37.428006 -122.174270 34.0 0.0378 -2.7778 4.1283 -1.289 -0.450 2.801
0.78 -16.7 35.2 -5.4 -1.40 0.65 -0.67 37.428006 -122.174270 34.0 -0.1302 -3.0600 4.9233 -1.350 -0.578 2.831
0.82 -16.7 35.2 -5.4 -1.54 0.87 -0.66 37.428006 -122.174270 34.0 0.9048 -3.6127 3.4541 -1.444 -0.730 2.884
0.85 -8.3 37.6 -5.0 -1.19 0.78 -0.33 37.428006 -122.174270 34.0 2.7619 -3.6123 1.3285 -1.497 -0.805 3.003
0.88 -8.3 37.6 -5.0 -1.05 0.78 -0.23 37.428006 -122.174270 34.0 2.6393 -3.2233 0.6477 -1.510 -0.824 3.118
0.91 -6.3 37.8 -7.5 -0.90 0.87 -0.15 37.428006 -122.174270 34.0 2.4744 -2.8236 0.3258 -1.514 -0.833 -3.060
0.94 -6.3 37.8 -7.5 -0.86 0.88 -0.07 37.428006 -122.174270 34.0 2.1819 -3.7532 0.2854 -1.529 -0.837 -2.960
0.97 -6.6 36.3 -13.1 -0.93 0.86 -0.05 37.428006 -122.174270 34.0 1.9869 -3.2773 -0.0899 -1.585 -0.834 -2.856
1.00 -6.6 36.3 -13.1 -1.13 0.88 0.05 37.428006 -122.174270 34.0 2.1392 -2.8597 -0.1234 -1.607 -0.833 -2.767
1.03 -8.5 34.7 -15.6 -1.34 0.96 -0.05 37.428006 -122.174270 34.0 1.8609 -2.3008 -0.3481 -1.616 -0.828 -2.685
1.07 -8.5 34.7 -15.6 -1.46 1.05 -0.03 37.428006 -122.174270 34.0 1.9504 -2.2922 -0.8942 -1.624 -0.809 -2.583
1.10 -11.9 33.0 -17.5 -1.34 1.08 0.09 37.428006 -122.174270 34.0 1.9442 -2.9234 -1.9407 -1.645 -0.759 -2.474
1.13 -11.9 33.0 -17.5 -1.16 1.10 0.24 37.428006 -122.174270 34.0 1.9488 -2.8628 -2.3024 -1.673 -0.703 -2.394
1.16 -17.8 29.8 -17.1 -1.15 1.19 0.40 37.428006 -122.174270 34.0 1.6597 -3.1068 -2.0060 -1.710 -0.650 -2.320
1.19 -17.8 29.8 -17.1 -1.10 1.17 0.42 37.428006 -122.174270 34.0 0.9059 -3.1214 -1.7345 -1.767 -0.606 -2.267
1.22 -23.5 26.0 -15.2 -1.09 1.11 0.44 37.428006 -122.174270 34.0 0.0474 -2.7998 -2.7136 -1.853 -0.526 -2.225
1.25 -23.5 26.0 -15.2 -1.02 1.03 0.50 37.428006 -122.174270 34.0 -0.3762 -2.6117 -2.7178 -1.918 -0.452 -2.204
1.28 -30.4 19.8 -9.2 -0.92 0.99 0.45 37.428006 -122.174270 34.0 -0.8274 -2.6377 -2.8624 -1.985 -0.374 -2.190
1.31 -30.4 19.8 -9.2 -0.92 0.99 0.45 37.428006 -122.174270 34.0 -1.3771 -2.5125 -2.7799 -2.055 -0.289 -2.184
1.35 -33.0 15.2 -3.3 -0.83 0.82 0.40 37.428006 -122.174270 34.0 -1.4537 -2.1238 -2.7236 -2.161 -0.144 -2.178
1.38 -33.0 15.2 -3.3 -0.79 0.69 0.46 37.428006 -122.174270 34.0 -1.3379 -1.9808 -2.5586 -2.216 -0.063 -2.167
1.41 -34.4 6.3 4.4 -0.75 0.60 0.51 37.428006 -122.174270 34.0 -1.3428 -2.2470 -2.4334 -2.275 0.014 -2.153
1.44 -34.4 6.3 4.4 -0.66 0.50 0.56 37.428006 -122.174270 34.0 -1.5091 -2.2337 -2.3485 -2.338 0.081 -2.137
1.47 -32.7 0.6 8.4 -0.59 0.39 0.47 37.428006 -122.174270 34.0 -1.7742 -2.1196 -2.2031 -2.423 0.185 -2.120
1.50 -32.7 0.6 8.4 -0.49 0.28 0.52 37.428006 -122.174270 34.0 -1.7768 -2.0635 -2.1830 -2.484 0.260 -2.103
1.53 -28.5 -8.0 12.1 -0.45 0.20 0.50 37.428006 -122.174270 34.0 -1.9661 -2.3394 -2.1276 -2.551 0.338 -2.084
1.56 -28.5 -8.0 12.1 -0.34 0.08 0.44 37.428006 -122.174270 34.0 -1.9710 -2.4229 -2.0167 -2.628 0.415 -2.063
1.60 -25.1 -13.0 13.5 -0.23 -0.01 0.45 37.428006 -122.174270 34.0 -1.4739 -2.2760 -1.7744 -2.760 0.525 -2.014
1.63 -25.1 -13.0 13.5 -0.17 -0.16 0.39 37.428006 -122.174270 34.0 -1.2096 -2.1163 -1.4184 -2.838 0.573 -1.980
1.66 -18.7 -18.3 14.0 -0.09 -0.25 0.44 37.428006 -122.174270 34.0 -0.9480 -2.1968 -1.2987 -2.917 0.611 -1.946
1.69 -18.7 -18.3 14.0 -0.01 -0.35 0.51 37.428006 -122.174270 34.0 -0.9573 -2.3375 -1.0242 -3.001 0.641 -1.913
1.72 -15.0 -20.7 13.0 0.02 -0.40 0.53 37.428006 -122.174270 34.0 -1.2676 -2.6546 -0.8162 -3.117 0.685 -1.876
1.75 -15.0 -20.7 13.0 0.09 -0.51 0.55 37.428006 -122.174270 34.0 -1.3843 -2.1837 -0.5756 3.082 0.722 -1.851
1.78 -11.9 -21.9 9.9 0.13 -0.60 0.43 37.428006 -122.174270 34.0 -1.4069 -1.7981 -0.3079 3.015 0.761 -1.830
1.82 -11.9 -21.9 9.9 0.12 -0.66 0.48 37.428006 -122.174270 34.0 -1.1837 -2.2178 -0.1202 2.948 0.795 -1.815
1.85 -10.2 -22.2 8.4 0.15 -0.67 0.52 37.428006 -122.174270 34.0 -1.0204 -1.8656 0.0087 2.830 0.842 -1.793
1.88 -10.2 -22.2 8.4 0.25 -0.72 0.47 37.428006 -122.174270 34.0 -1.0021 -1.3939 0.1175 2.780 0.869 -1.783
1.91 -9.1 -21.5 8.7 0.28 -0.73 0.48 37.428006 -122.174270 34.0 -0.9694 -1.8078 0.2641 2.728 0.897 -1.775
1.94 -9.1 -21.5 8.7 0.26 -0.74 0.50 37.428006 -122.174270 34.0 -0.9696 -1.9294 0.3789 2.670 0.925 -1.770
1.97 -9.3 -19.6 7.4 0.29 -0.77 0.49 37.428006 -122.174270 34.0 -0.9552 -1.7968 0.4405 2.598 0.964 -1.765
2.00 -9.3 -19.6 7.4 0.29 -0.77 0.39 37.428006 -122.174270 34.0 -1.0885 -1.7690 0.5290 2.541 0.995 -1.757
2.03 -10.0 -19.0 6.9 0.30 -0.78 0.37 37.428006 -122.174270 34.0 -1.0317 -1.7458 0.6094 2.486 1.029 -1.749
2.06 -10.0 -19.0 6.9 0.29 -0.80 0.37 37.428006 -122.174270 34.0 -0.9695 -1.7608 0.7260 2.432 1.061 -1.744
2.10 -10.1 -17.7 6.5 0.33 -0.81 0.31 37.428006 -122.174270 34.0 -1.0727 -1.3413 0.8361 2.350 1.121 -1.732
2.13 -10.1 -17.7 6.5 0.26 -0.82 0.26 37.428006 -122.174270 34.0 -1.1668 -1.3203 0.9955 2.301 1.161 -1.719
2.16 -10.4 -17.3 5.2 0.24 -0.82 0.28 37.428006 -122.174270 34.0 -1.1601 -1.3143 1.0267 2.251 1.204 -1.704
2.19 -10.4 -17.3 5.2 0.22 -0.82 0.19 37.428006 -122.174270 34.0 -1.2997 -1.1827 1.0545 2.187 1.248 -1.674
2.22 -11.1 -16.4 4.4 0.22 -0.80 0.10 37.428006 -122.174270 34.0 -1.3133 -0.8771 1.1714 2.084 1.309 -1.607
2.25 -11.1 -16.4 4.4 0.11 -0.81 0.06 37.428006 -122.174270 34.0 -1.3109 -0.6489 1.4305 1.999 1.358 -1.541
2.28 -11.7 -15.4 5.5 0.03 -0.78 -0.01 37.428006 -122.174270 34.0 -1.4768 -0.5796 1.4863 1.869 1.411 -1.426
2.31 -11.7 -15.4 5.5 0.04 -0.77 -0.23 37.428006 -122.174270 34.0 -1.5621 -0.3200 1.4029 1.595 1.458 -1.163
2.35 -13.6 -15.1 6.1 0.02 -0.75 -0.26 37.428006 -122.174270 34.0 -1.0994 -0.8207 1.2362 0.690 1.491 -0.276
2.38 -13.6 -15.1 6.1 0.07 -0.78 -0.16 37.428006 -122.174270 34.0 -0.7092 -1.3792 1.0121 0.199 1.483 0.183
2.41 -14.3 -14.9 5.8 0.12 -0.77 -0.14 37.428006 -122.174270 34.0 -0.5471 -1.4677 0.9865 -0.130 1.467 0.473
2.44 -14.3 -14.9 5.8 0.09 -0.77 -0.06 37.428006 -122.174270 34.0 -0.3884 -1.4664 1.1260 -0.389 1.447 0.693
2.47 -15.1 -14.1 6.9 -0.05 -0.70 0.10 37.428006 -122.174270 34.0 -0.3532 -1.5101 1.5116 -0.704 1.410 0.952
2.50 -15.1 -14.1 6.9 -0.09 -0.64 0.00 37.428006 -122.174270 34.0 -0.6281 -0.6869 1.7402 -0.860 1.368 1.079
2.53 -15.2 -14.0 7.8 -0.25 -0.65 -0.15 37.428006 -122.174270 34.0 -0.8737 -0.0618 1.9929 -0.933 1.314 1.147
2.56 -15.2 -14.0 7.8 -0.36 -0.61 -0.19 37.428006 -122.174270 34.0 -1.0189 -0.6523 2.1260 -0.984 1.250 1.189
2.60 -16.2 -14.2 7.5 -0.37 -0.54 -0.14 37.428006 -122.174270 34.0 -0.7604 -1.1664 1.8690 -1.064 1.152 1.226
2.63 -16.2 -14.2 7.5 -0.37 -0.49 -0.11 37.428006 -122.174270 34.0 -0.6581 -1.0571 1.8925 -1.111 1.097 1.243
2.66 -18.7 -13.8 9.1 -0.42 -0.44 -0.21 37.428006 -122.174270 34.0 -0.7794 -1.0590 2.0556 -1.151 1.039 1.255
2.69 -18.7 -13.8 9.1 -0.53 -0.37 -0.26 37.428006 -122.174270 34.0 -0.9723 -1.1103 2.1973 -1.182 0.974 1.255
2.72 -19.8 -12.9 9.9 -0.58 -0.25 -0.29 37.428006 -122.174270 34.0 -0.7670 -0.6421 2.3568 -1.218 0.883 1.257
2.75 -19.8 -12.9 9.9 -0.70 -0.19 -0.28 37.428006 -122.174270 34.0 -0.7897 -0.6385 2.4719 -1.237 0.813 1.262
2.78 -21.7 -11.3 10.5 -0.61 -0.17 -0.32 37.428006 -122.174270 34.0 -0.9675 -0.3459 2.7016 -1.253 0.736 1.261
2.81 -21.7 -11.3 10.5 -0.80 -0.05 -0.70 37.428006 -122.174270 34.0 -1.0436 0.8353 2.6774 -1.242 0.656 1.258
2.85 -24.3 -9.7 10.9 -1.05 0.04 -0.54 37.428006 -122.174270 34.0 -0.9648 -0.7193 2.9727 -1.228 0.513 1.250
2.88 -24.3 -9.7 10.9 -1.05 0.04 -0.54 37.428006 -122.174270 34.0 -0.3807 -0.5746 2.7710 -1.253 0.431 1.262
2.91 -27.0 -6.1 12.1 -1.01 0.05 -0.57 37.428006 -122.174270 34.0 -0.0954 -1.0263 2.7274 -1.281 0.357 1.281
2.94 -27.0 -6.1 12.1 -1.04 0.19 -0.27 37.428006 -122.174270 34.0 0.3850 -1.3012 2.5389 -1.326 0.286 1.307
2.97 -27.7 -2.8 13.3 -0.82 0.19 -0.14 37.428006 -122.174270 34.0 0.4004 -1.1053 2.6182 -1.377 0.192 1.346
3.00 -27.7 -2.8 13.3 -1.03 0.40 -0.09 37.428006 -122.174270 34.0 0.3341 -1.1807 2.9126 -1.414 0.116 1.370
3.03 -28.4 2.7 15.2 -0.98 0.44 0.08 37.428006 -122.174270 34.0 0.3038 -0.1689 2.6411 -1.434 0.039 1.391
3.06 -28.4 2.7 15.2 -0.98 0.57 -0.42 37.428006 -122.174270 34.0 -0.5169 -0.0479 2.8768 -1.433 -0.036 1.395
3.10 -28.2 7.0 17.2 -1.24 0.72 -0.24 37.428006 -122.174270 34.0 0.4748 -0.5125 2.8499 -1.462 -0.177 1.409
3.13 -28.2 7.0 17.2 -1.04 0.73 0.03 37.428006 -122.174270 34.0 0.0669 -0.3031 2.6284 -1.467 -0.249 1.427
3.16 -26.7 13.5 19.0 -1.22 0.81 -0.22 37.428006 -122.174270 34.0 -0.3594 -0.6426 2.6814 -1.481 -0.324 1.426
3.19 -26.7 13.5 19.0 -1.10 0.83 -0.34 37.428006 -122.174270 34.0 0.1623 -0.3611 2.3684 -1.495 -0.394 1.430
3.22 -25.5 16.7 19.5 -0.96 0.97 -0.40 37.428006 -122.174270 34.0 1.0174 -0.3171 2.2013 -1.489 -0.475 1.465
3.25 -25.5 16.7 19.5 -1.13 1.06 -0.36 37.428006 -122.174270 34.0 1.5068 -0.5593 2.6008 -1.479 -0.538 1.514
3.28 -23.1 20.4 19.7 -1.26 1.12 -0.35 37.428006 -122.174270 34.0 1.8992 -0.2307 2.6198 -1.455 -0.607 1.581
3.31 -23.1 20.4 19.7 -1.09 1.10 -0.51 37.428006 -122.174270 34.0 2.0990 0.2921 2.3768 -1.404 -0.668 1.662
3.35 -20.0 26.8 16.5 -1.02 1.22 -0.52 37.428006 -122.174270 34.0 2.8430 0.4227 2.5883 -1.266 -0.748 1.848
3.38 -20.0 26.8 16.5 -1.18 1.31 -0.64 37.428006 -122.174270 34.0 3.0023 0.6077 2.6691 -1.154 -0.790 1.990
3.41 -17.5 31.9 12.0 -1.14 1.29 -0.75 37.428006 -122.174270 34.0 3.3147 0.5046 2.3256 -1.023 -0.809 2.149
3.44 -17.5 31.9 12.0 -1.40 1.41 -0.88 37.428006 -122.174270 34.0 3.6640 0.3577 2.2358 -0.892 -0.805 2.317
3.47 -12.9 37.6 2.2 -0.98 1.37 -0.53 37.428006 -122.174270 34.0 4.6579 1.4348 1.5777 -0.695 -0.738 2.543
3.50 -12.9 37.6 2.2 -1.01 1.20 -0.65 37.428006 -122.174270 34.0 4.2007 1.9643 1.9603 -0.551 -0.667 2.690
3.53 -9.2 38.2 -6.0 -0.97 0.99 -0.51 37.428006 -122.174270 34.0 4.0625 2.6248 2.1169 -0.410 -0.593 2.819
3.56 -9.2 38.2 -6.0 -0.76 0.69 -0.42 37.428006 -122.174270 34.0 3.5262 2.6424 1.8915 -0.279 -0.512 2.925
3.60 -2.3 34.9 -18.0 -0.52 0.54 -0.36 37.428006 -122.174270 34.0 2.6557 1.9324 0.7158 -0.159 -0.412 3.002
3.63 -2.3 34.9 -18.0 -0.51 0.45 -0.61 37.428006 -122.174270 34.0 1.9344 2.2549 -0.2775 -0.089 -0.335 3.019
3.66 1.2 32.4 -23.7 -0.29 0.34 -0.69 37.428006 -122.174270 34.0 2.3516 1.9765 -1.2451 -0.036 -0.276 2.998
3.69 1.2 32.4 -23.7 -0.07 0.18 -0.79 37.428006 -122.174270 34.0 3.4554 1.9132 -1.8469 0.004 -0.192 2.951
3.72 3.2 26.8 -29.2 -0.15 0.11 -0.55 37.428006 -122.174270 34.0 3.6892 0.2718 -0.9302 0.030 -0.088 2.910
3.75 3.2 26.8 -29.2 -0.09 -0.02 -0.76 37.428006 -122.174270 34.0 2.7272 0.4627 -0.2630 0.032 0.030 2.891
3.78 3.3 22.1 -32.1 -0.17 -0.11 -0.80 37.428006 -122.174270 34.0 2.0247 0.6713 -0.5113 0.051 0.093 2.877
3.82 3.3 22.1 -32.1 -0.05 -0.35 -0.97 37.428006 -122.174270 34.0 1.8691 0.4552 -0.6951 0.068 0.145 2.857
3.85 2.5 18.0 -34.4 0.05 -0.21 -0.78 37.428006 -122.174270 34.0 1.2811 -0.2519 -0.6172 0.101 0.230 2.812
3.88 2.5 18.0 -34.4 -0.03 -0.27 -0.79 37.428006 -122.174270 34.0 0.5293 -0.4527 -0.4922 0.098 0.249 2.793
3.91 2.7 13.6 -35.5 0.16 -0.31 -0.80 37.428006 -122.174270 34.0 1.1087 0.7390 -0.4843 0.105 0.272 2.776
3.94 2.7 13.6 -35.5 0.06 -0.42 -0.76 37.428006 -122.174270 34.0 1.0079 0.4630 0.1295 0.126 0.303 2.769
3.97 3.0 12.2 -35.5 0.13 -0.33 -0.93 37.428006 -122.174270 34.0 0.3065 0.3688 0.2743 0.135 0.321 2.773
4.00 3.0 12.2 -35.5 0.07 -0.32 -0.81 37.428006 -122.174270 34.0 -0.1224 0.6547 0.2131 0.151 0.323 2.785
4.03 4.2 10.3 -35.7 0.07 -0.32 -0.81 37.428006 -122.174270 34.0 -0.1095 0.2999 -0.1304 0.161 0.321 2.786
4.07 4.2 10.3 -35.7 0.18 -0.31 -0.83 37.428006 -122.174270 34.0 -0.4060 0.2764 -0.1871 0.177 0.310 2.780
4.10 5.2 10.3 -36.1 0.13 -0.28 -1.05 37.428006 -122.174270 34.0 0.3606 -0.4867 0.2472 0.149 0.300 2.790
4.13 5.2 10.3 -36.1 0.13 -0.29 -0.89 37.428006 -122.174270 34.0 0.5974 -0.2250 0.0719 0.143 0.321 2.790
4.16 5.1 10.9 -36.6 0.16 -0.34 -0.91 37.428006 -122.174270 34.0 0.4130 -0.0973 0.0900 0.137 0.336 2.792
4.19 5.1 10.9 -36.6 0.09 -0.31 -0.86 37.428006 -122.174270 34.0 0.2526 0.2572 0.0708 0.138 0.348 2.793
4.22 4.6 10.1 -37.2 0.19 -0.42 -0.89 37.428006 -122.174270 34.0 0.0470 0.1614 -0.0849 0.160 0.364 2.789
4.25 4.6 10.1 -37.2 0.18 -0.36 -0.98 37.428006 -122.174270 34.0 -0.0243 0.1240 0.0448 0.159 0.358 2.789
4.28 5.4 8.9 -37.2 0.14 -0.33 -0.97 37.428006 -122.174270 34.0 0.1736 0.8285 0.1248 0.173 0.360 2.792
4.31 5.4 8.9 -37.2 0.14 -0.39 -0.85 37.428006 -122.174270 34.0 0.1802 0.8047 0.1598 0.198 0.367 2.794
4.35 6.2 8.6 -36.7 0.13 -0.34 -0.87 37.428006 -122.174270 34.0 0.1945 -0.0656 -0.0761 0.204 0.373 2.797
4.38 6.2 8.6 -36.7 0.22 -0.38 -0.86 37.428006 -122.174270 34.0 0.0557 0.8476 -0.3460 0.226 0.378 2.785
4.41 7.8 8.9 -36.6 0.26 -0.41 -0.84 37.428006 -122.174270 34.0 -0.1589 1.1243 -0.3720 0.260 0.374 2.775
4.44 7.8 8.9 -36.6 0.30 -0.33 -0.81 37.428006 -122.174270 34.0 -0.2198 0.7383 -0.3890 0.289 0.366 2.765
4.47 9.0 9.0 -36.6 0.34 -0.37 -0.95 37.428006 -122.174270 34.0 -0.4069 0.6273 -0.2337 0.312 0.351 2.759
4.50 9.0 9.0 -36.6 0.35 -0.34 -0.95 37.428006 -122.174270 34.0 -0.0732 0.8206 -0.2296 0.335 0.343 2.755
4.53 10.6 8.5 -35.6 0.37 -0.35 -0.90 37.428006 -122.174270 34.0 0.1440 0.7827 -0.1462 0.359 0.343 2.749
4.56 10.6 8.5 -35.6 0.38 -0.35 -0.86 37.428006 -122.174270 34.0 0.2617 0.5914 -0.1101 0.380 0.348 2.743
4.60 12.0 8.7 -34.7 0.51 -0.41 -0.63 37.428006 -122.174270 34.0 0.3491 0.6672 -0.1224 0.409 0.358 2.733
