iPhone Sensor Log from Crossbow started at Dec 14, 2011 1:37:22 AM Pacific Standard Time.
ElapsedTime(s) xMag(uT) yMag(uT) zMag(uT) xAccel(g) yAccel(g) zAccel(g) latitude(deg) longitude(deg) altitude(m) xRate(rad/sec) yRate(rad/sec) zRate(rad/sec) roll(rad) pitch(rad) yaw(rad)
0.03 28.0 -0.7 -19.6 0.21 -0.28 -0.76 37.428012 -122.174242 34.6 -0.7152 -1.2091 0.2752 0.348 0.343 -2.135
0.06 28.0 -0.7 -19.6 0.40 -0.31 -0.92 37.428012 -122.174242 34.6 -0.6786 -0.2866 -0.2405 0.326 0.326 -2.129
0.10 28.7 0.0 -19.0 0.54 -0.38 -0.84 37.428012 -122.174242 34.6 -0.5917 0.8741 -0.4624 0.339 0.306 -2.134
0.13 28.7 0.0 -19.0 0.37 -0.25 -0.74 37.428012 -122.174242 34.6 -1.1009 -0.1398 -1.0907 0.384 0.262 -2.156
0.16 28.9 1.1 -18.3 0.55 -0.20 -1.07 37.428012 -122.174242 34.6 -1.4528 -2.0488 -1.5008 0.350 0.210 -2.180
0.19 28.9 1.1 -18.3 0.59 -0.04 -1.10 37.428012 -122.174242 34.6 -0.2999 -0.6291 -0.4995 0.315 0.183 -2.200
0.22 28.5 3.9 -19.6 -0.16 -0.33 -0.93 37.428012 -122.174242 34.6 -1.6238 -0.1856 -0.1477 0.295 0.159 -2.190
0.25 28.5 3.9 -19.6 0.37 -0.10 -0.84 37.428012 -122.174242 34.6 -0.6414 -3.6777 -1.8450 0.242 0.111 -2.222
0.28 25.9 6.5 -22.1 0.44 -0.28 -1.34 37.428012 -122.174242 34.6 -0.8797 -7.4910 -0.6913 0.076 0.076 -2.255
0.31 25.9 6.5 -22.1 -0.45 0.14 -0.81 37.428012 -122.174242 34.6 0.0872 -3.0750 0.6503 -0.062 0.060 -2.253
0.35 20.7 8.1 -25.1 0.06 0.07 -0.47 37.428012 -122.174242 34.6 -1.5821 -1.8804 1.3104 -0.135 0.044 -2.231
0.38 20.7 8.1 -25.1 -0.19 0.18 -1.33 37.428012 -122.174242 34.6 -2.6867 -3.6794 3.2837 -0.243 -0.128 -2.120
0.41 14.8 10.8 -28.7 -0.17 0.11 -0.55 37.428012 -122.174242 34.6 -0.1797 -3.2838 1.6127 -0.338 -0.171 -2.066
0.44 14.8 10.8 -28.7 -0.23 0.18 -0.45 37.428012 -122.174242 34.6 -1.8827 -1.4291 1.0768 -0.396 -0.211 -2.044
0.47 12.8 12.3 -29.8 -0.17 0.29 -0.89 37.428012 -122.174242 34.6 -2.3822 -1.2684 1.8385 -0.414 -0.282 -2.035
0.50 12.8 12.3 -29.8 -0.45 0.56 -0.19 37.428012 -122.174242 34.6 0.8291 -5.5576 3.5895 -0.540 -0.347 -1.943
0.53 7.9 14.1 -31.8 -0.98 0.52 -0.41 37.428012 -122.174242 34.6 -2.8075 -6.1029 2.4496 -0.691 -0.411 -1.887
0.56 7.9 14.1 -31.8 -1.96 0.77 -2.01 37.428012 -122.174242 34.6 -2.6549 -7.2351 3.3211 -0.870 -0.537 -1.889
0.60 1.1 16.0 -31.0 -1.97 0.84 -1.57 37.428012 -122.174242 34.6 1.1792 -11.6203 2.0379 -1.130 -0.611 -1.856
0.63 1.1 16.0 -31.0 -1.98 1.17 -0.32 37.428012 -122.174242 34.6 2.9953 -8.3027 -1.3277 -1.443 -0.587 -1.723
0.66 -16.1 16.0 -24.9 -1.97 1.43 -0.12 37.428012 -122.174242 34.6 3.0663 -5.1900 -4.0259 -1.612 -0.477 -1.597
0.69 -16.1 16.0 -24.9 -1.97 1.79 -0.14 37.428012 -122.174242 34.6 3.5239 -4.6059 -5.9842 -1.696 -0.343 -1.483
0.72 -25.8 9.0 -19.0 -1.97 1.95 -0.12 37.428012 -122.174242 34.6 3.3552 -6.3265 -8.1946 -1.814 -0.162 -1.346
0.75 -25.8 9.0 -19.0 -1.98 1.85 0.64 37.428012 -122.174242 34.6 2.1003 -9.7676 -8.9400 -2.125 0.109 -1.125
0.78 -26.9 -12.3 -5.7 -1.69 1.77 0.94 37.428012 -122.174242 34.6 -0.4159 -7.9417 -8.6187 -2.409 0.280 -0.949
0.81 -26.9 -12.3 -5.7 -1.08 1.80 0.61 37.428012 -122.174242 34.6 -2.6186 -5.8922 -7.5409 -2.653 0.452 -0.782
0.85 -18.2 -25.1 1.1 -0.89 1.98 0.61 37.428012 -122.174242 34.6 -3.6087 -6.6573 -6.4633 -2.912 0.605 -0.610
0.88 -18.2 -25.1 1.1 -0.76 1.98 0.56 37.428012 -122.174242 34.6 -6.3519 -6.3556 -3.9711 2.835 0.829 -0.282
0.91 -7.0 -29.7 0.2 -0.43 1.99 -0.07 37.428012 -122.174242 34.6 -8.1088 -4.2018 -3.1694 2.461 0.968 0.012
0.94 -7.0 -29.7 0.2 0.26 2.00 -0.58 37.428012 -122.174242 34.6 -7.7725 -3.9028 -2.4529 1.995 1.044 0.435
0.97 -0.5 -25.2 -10.5 0.48 2.01 -0.53 37.428012 -122.174242 34.6 -6.6716 -6.2005 -1.2201 1.504 1.031 0.840
1.00 -0.5 -25.2 -10.5 0.41 2.01 -0.23 37.428012 -122.174242 34.6 -5.2843 -10.3708 2.2753 0.845 0.969 1.237
1.03 -4.0 -19.3 -16.9 0.21 2.00 -0.39 37.428012 -122.174242 34.6 -4.6726 -10.5549 5.6624 0.306 0.917 1.534
1.06 -4.0 -19.3 -16.9 0.07 2.00 -0.50 37.428012 -122.174242 34.6 -3.0314 -8.8546 8.5977 -0.211 0.815 1.863
1.10 -17.3 -9.3 -15.2 -1.43 1.96 -0.60 37.428012 -122.174242 34.6 0.3530 -8.3623 11.3748 -0.672 0.665 2.190
1.13 -17.3 -9.3 -15.2 -1.95 1.93 -2.01 37.428012 -122.174242 34.6 1.4283 -4.6919 16.9297 -1.094 0.256 2.608
1.16 -23.2 4.8 -8.4 -1.95 1.93 -2.01 37.428012 -122.174242 34.6 3.2540 1.2744 17.9161 -1.143 -0.321 2.943
1.19 -23.2 4.8 -8.4 -1.95 1.93 -2.01 37.428012 -122.174242 34.6 7.6952 0.3205 10.6565 -0.912 -0.577 -2.956
1.22 -11.8 26.5 -10.2 -1.95 1.93 -1.80 37.428012 -122.174242 34.6 9.5495 -5.1151 5.4672 -0.829 -0.558 -2.584
1.25 -11.8 26.5 -10.2 -1.96 1.94 -0.75 37.428012 -122.174242 34.6 10.9701 6.5260 2.4535 -0.553 -0.369 -2.177
1.28 0.6 23.9 -21.1 -1.98 1.70 0.86 37.428012 -122.174242 34.6 10.5119 2.2659 0.7108 -0.383 -0.113 -2.009
1.31 0.6 23.9 -21.1 -2.00 0.61 1.74 37.428012 -122.174242 34.6 8.6342 -0.3592 0.1804 -0.379 0.132 -1.899
1.35 10.2 3.3 -31.8 -0.55 0.04 0.82 37.428012 -122.174242 34.6 4.6897 2.2017 -0.9550 -0.365 0.302 -1.843
1.38 10.2 3.3 -31.8 0.03 0.05 0.15 37.428012 -122.174242 34.6 0.8803 2.9209 -1.6659 -0.241 0.394 -1.870
1.41 14.1 -5.8 -30.6 -0.05 -0.12 -0.20 37.428012 -122.174242 34.6 0.0175 -0.1369 -1.1803 -0.175 0.413 -1.929
1.44 14.1 -5.8 -30.6 0.15 -0.25 -0.12 37.428012 -122.174242 34.6 0.6208 0.2708 -1.0451 -0.167 0.430 -1.957
1.47 18.7 -7.4 -27.6 0.19 -0.14 -0.63 37.428012 -122.174242 34.6 -0.3420 1.3979 -1.3871 -0.123 0.439 -1.995
1.50 18.7 -7.4 -27.6 0.14 -0.31 -0.92 37.428012 -122.174242 34.6 -0.5040 1.2699 -1.9075 -0.047 0.417 -2.060
1.53 20.4 -5.3 -26.9 0.28 -0.46 -0.75 37.428012 -122.174242 34.6 0.6377 0.3296 -2.3778 0.003 0.424 -2.128
1.56 20.4 -5.3 -26.9 0.28 -0.46 -0.75 37.428012 -122.174242 34.6 1.2396 -0.0720 -2.2713 0.038 0.453 -2.205
1.60 21.6 -2.7 -25.1 0.08 -0.40 -0.92 37.428012 -122.174242 34.6 -0.4054 -0.1601 -1.2300 0.052 0.457 -2.252
1.63 21.6 -2.7 -25.1 0.19 -0.38 -1.07 37.428012 -122.174242 34.6 -0.3942 -0.1984 -1.3630 0.068 0.431 -2.306
1.66 21.2 -1.4 -24.8 0.21 -0.35 -1.03 37.428012 -122.174242 34.6 0.5165 0.6234 0.3522 0.091 0.433 -2.326
1.69 21.2 -1.4 -24.8 0.09 -0.33 -0.90 37.428012 -122.174242 34.6 0.3381 0.6010 0.7458 0.100 0.446 -2.307
1.72 21.4 -0.8 -25.1 -0.21 -0.31 -0.58 37.428012 -122.174242 34.6 0.3328 -0.0555 0.8279 0.096 0.456 -2.283
1.75 21.4 -0.8 -25.1 0.14 -0.58 -0.94 37.428012 -122.174242 34.6 -0.1123 0.4416 0.9142 0.100 0.465 -2.261
1.78 22.9 -2.2 -24.8 -0.08 -0.47 -0.94 37.428012 -122.174242 34.6 -0.2751 0.6144 0.4436 0.095 0.457 -2.225
1.81 22.9 -2.2 -24.8 -0.12 -0.37 -0.81 37.428012 -122.174242 34.6 -0.2194 1.2102 0.1999 0.117 0.452 -2.216
1.85 23.5 -2.5 -24.1 0.43 -0.62 -0.92 37.428012 -122.174242 34.6 -0.6823 1.7607 -0.0754 0.163 0.440 -2.215
1.88 23.5 -2.5 -24.1 0.25 -0.55 -1.23 37.428012 -122.174242 34.6 -0.5238 0.2210 0.2608 0.190 0.411 -2.198
1.91 25.6 -2.6 -23.2 0.07 -0.42 -0.98 37.428012 -122.174242 34.6 0.8398 -0.0551 -0.0729 0.178 0.425 -2.197
1.94 25.6 -2.6 -23.2 0.13 -0.51 -0.76 37.428012 -122.174242 34.6 0.4635 0.5177 -0.0169 0.189 0.445 -2.203
1.97 26.8 -3.4 -22.3 0.29 -0.53 -0.88 37.428012 -122.174242 34.6 -0.0162 0.2766 -0.2298 0.207 0.451 -2.209
2.00 26.8 -3.4 -22.3 0.14 -0.42 -0.95 37.428012 -122.174242 34.6 0.1685 -0.3010 -0.1504 0.194 0.446 -2.212
2.03 26.4 -2.9 -22.1 0.20 -0.48 -0.81 37.428012 -122.174242 34.6 0.2708 0.3349 -0.0725 0.202 0.460 -2.219
2.06 26.4 -2.9 -22.1 0.32 -0.45 -0.79 37.428012 -122.174242 34.6 0.0842 0.5996 -0.2580 0.232 0.467 -2.231
2.10 25.9 -2.2 -22.1 0.26 -0.40 -0.91 37.428012 -122.174242 34.6 -0.0796 0.3491 -0.1619 0.252 0.462 -2.240
2.13 25.9 -2.2 -22.1 0.25 -0.42 -0.83 37.428012 -122.174242 34.6 0.1247 0.2982 0.1004 0.261 0.459 -2.241
2.16 26.0 -2.5 -21.9 0.26 -0.47 -0.85 37.428012 -122.174242 34.6 0.0809 1.2408 -0.0327 0.307 0.468 -2.236
2.19 26.0 -2.5 -21.9 0.47 -0.48 -0.54 37.428012 -122.174242 34.6 0.1043 0.9078 -0.1843 0.338 0.470 -2.242
