iPhone Sensor Log from Crossbow started at Nov 17, 2011 15:20:06 Pacific Standard Time.
ElapsedTime(s) xMag(uT) yMag(uT) zMag(uT) xAccel(g) yAccel(g) zAccel(g) latitude(deg) longitude(deg) altitude(m) xRate(rad/sec) yRate(rad/sec) zRate(rad/sec) roll(rad) pitch(rad) yaw(rad)
0.04 -22.3 3.2 -43.4 0.07 -0.06 -1.06 37.425976 -122.151702 2.1 -0.1963 -0.0237 -0.0443 0.034 0.052 -0.294
0.07 -22.3 3.2 -43.4 0.06 -0.06 -1.03 37.425976 -122.151702 2.1 0.0367 0.1162 0.0189 0.039 0.050 -0.296
0.10 -22.3 3.5 -41.3 0.07 -0.09 -0.97 37.425976 -122.151702 2.1 0.1520 -0.0613 0.1218 0.039 0.053 -0.294
0.13 -22.3 3.5 -41.3 0.06 -0.07 -0.98 37.425976 -122.151702 2.1 0.0722 -0.1074 0.0356 0.038 0.058 -0.292
0.16 -22.6 2.4 -40.9 0.05 -0.03 -1.03 37.425976 -122.151702 2.1 -0.3847 -0.2795 -0.0716 0.030 0.048 -0.294
0.19 -22.6 2.4 -40.9 0.03 -0.01 -1.06 37.425976 -122.151702 2.1 -0.5101 -0.3989 -0.0793 0.022 0.035 -0.296
0.22 -23.1 3.4 -41.2 0.02 -0.04 -1.00 37.425976 -122.151702 2.1 -0.3108 -0.2822 0.0444 0.011 0.023 -0.296
0.25 -23.1 3.4 -41.2 0.02 -0.04 -1.00 37.425976 -122.151702 2.1 -0.2825 -0.1464 0.0449 0.007 0.017 -0.293
0.29 -23.3 5.0 -40.7 0.05 -0.05 -1.00 37.425976 -122.151702 2.1 -0.5163 -0.2089 -0.2223 0.005 0.007 -0.296
0.32 -23.3 5.0 -40.7 0.08 -0.02 -1.06 37.425976 -122.151702 2.1 -0.6386 -0.4017 -0.3399 -0.009 -0.014 -0.307
0.35 -23.1 5.7 -40.5 0.12 0.02 -1.11 37.425976 -122.151702 2.1 -0.6588 -0.0016 -0.1234 -0.016 -0.035 -0.316
0.38 -23.1 5.7 -40.5 0.17 0.01 -1.19 37.425976 -122.151702 2.1 -0.7962 0.1757 -0.1004 -0.014 -0.055 -0.318
0.41 -24.8 6.7 -40.8 0.17 0.06 -1.16 37.425976 -122.151702 2.1 -0.5065 -0.1817 0.0286 -0.012 -0.079 -0.323
0.44 -24.8 6.7 -40.8 0.15 0.01 -1.21 37.425976 -122.151702 2.1 -0.5731 -0.3240 0.3661 -0.020 -0.093 -0.316
0.47 -25.2 8.1 -40.1 0.07 -0.02 -1.23 37.425976 -122.151702 2.1 -0.3636 0.0814 0.7349 -0.022 -0.106 -0.300
0.50 -25.2 8.1 -40.1 0.09 0.02 -1.22 37.425976 -122.151702 2.1 -0.3922 0.3026 0.4631 -0.007 -0.120 -0.282
0.54 -24.6 10.1 -39.3 0.10 0.03 -1.31 37.425976 -122.151702 2.1 0.0874 -0.6218 0.6733 -0.015 -0.125 -0.263
0.57 -24.6 10.1 -39.3 -0.06 0.09 -1.32 37.425976 -122.151702 2.1 0.1862 -0.0042 0.9061 -0.024 -0.119 -0.239
0.60 -24.9 10.8 -38.8 -0.09 0.07 -1.23 37.425976 -122.151702 2.1 -0.5408 1.6439 -0.2557 0.001 -0.132 -0.232
0.63 -24.9 10.8 -38.8 0.11 -0.01 -1.34 37.425976 -122.151702 2.1 -0.3605 1.1024 0.1676 0.043 -0.144 -0.231
0.66 -24.1 12.5 -39.2 -0.06 0.26 -1.23 37.425976 -122.151702 2.1 0.6026 -1.0523 0.4868 0.041 -0.140 -0.222
0.69 -24.1 12.5 -39.2 -0.18 0.30 -1.28 37.425976 -122.151702 2.1 0.0223 0.8056 1.3788 0.019 -0.120 -0.190
0.72 -22.5 12.9 -40.1 -0.01 0.06 -1.42 37.425976 -122.151702 3.3 0.2369 1.9312 1.9403 0.061 -0.115 -0.143
0.75 -22.5 12.9 -40.1 -0.09 0.26 -1.02 37.425976 -122.151702 3.3 0.3959 -1.7052 1.6601 0.066 -0.089 -0.089
0.79 -20.6 13.4 -39.8 -0.04 0.21 -1.15 37.425976 -122.151702 3.3 -0.3042 -0.7604 1.3975 0.041 -0.088 -0.049
0.82 -20.6 13.4 -39.8 -0.25 0.21 -1.08 37.425976 -122.151702 3.3 0.0528 -1.1328 1.8332 0.017 -0.091 -0.005
0.85 -20.4 15.3 -40.1 -0.16 0.09 -1.20 37.425976 -122.151702 3.3 -0.2001 -1.0752 1.0915 -0.008 -0.094 0.037
0.88 -20.4 15.3 -40.1 -0.15 0.15 -1.23 37.425976 -122.151702 3.3 -0.0399 -0.4653 0.5841 -0.048 -0.094 0.066
0.91 -21.5 17.5 -39.8 -0.29 0.22 -1.17 37.425976 -122.151702 3.3 0.3335 -0.5141 0.7778 -0.053 -0.090 0.084
0.94 -21.5 17.5 -39.8 -0.22 0.28 -1.09 37.425976 -122.151702 3.3 0.4795 -0.6352 0.2877 -0.080 -0.079 0.105
0.97 -22.5 18.2 -38.7 -0.11 0.32 -0.87 37.425976 -122.151702 3.3 0.9000 -0.7616 0.1392 -0.101 -0.058 0.111
1.00 -22.5 18.2 -38.7 -0.31 0.28 -1.02 37.425976 -122.151702 3.3 0.5191 -0.1368 0.4539 -0.111 -0.041 0.120
1.04 -24.2 17.9 -38.6 -0.31 0.26 -0.65 37.425976 -122.151702 3.3 0.7616 -0.8077 0.0006 -0.145 -0.042 0.124
1.07 -24.2 17.9 -38.6 -0.58 0.17 -0.82 37.425976 -122.151702 3.3 0.4245 -0.1786 0.1162 -0.158 -0.023 0.132
1.10 -26.6 16.2 -38.5 -0.54 0.14 -0.62 37.425976 -122.151702 3.3 0.4472 -1.3280 -0.0552 -0.210 -0.023 0.130
1.13 -26.6 16.2 -38.5 -0.46 0.13 -0.53 37.425976 -122.151702 3.3 1.1396 -1.2553 -1.0498 -0.265 0.023 0.117
1.16 -27.9 14.6 -37.2 -0.54 0.10 -0.70 37.425976 -122.151702 3.3 0.5702 -0.9343 -1.0104 -0.292 0.051 0.097
1.19 -27.9 14.6 -37.2 -0.53 0.14 -0.66 37.425976 -122.151702 3.3 0.2326 -1.1447 -1.2406 -0.322 0.072 0.063
1.22 -32.0 10.8 -35.5 -0.52 0.09 -0.78 37.425976 -122.151702 3.3 0.0551 -0.6553 -1.3800 -0.359 0.098 0.024
1.25 -32.0 10.8 -35.5 -0.52 0.09 -0.78 37.425976 -122.151702 3.3 -0.1105 -0.2707 -1.3854 -0.366 0.108 -0.011
1.29 -34.8 8.0 -35.0 -0.59 0.03 -0.81 37.425976 -122.151702 3.3 0.1436 -0.1601 -1.8355 -0.368 0.127 -0.066
1.32 -34.8 8.0 -35.0 -0.54 -0.00 -0.68 37.425976 -122.151702 3.3 0.4673 -0.1115 -1.8893 -0.368 0.155 -0.108
1.35 -35.4 3.4 -34.7 -0.44 -0.08 -0.63 37.425976 -122.151702 3.3 0.2362 0.0075 -1.7533 -0.363 0.182 -0.152
1.38 -35.4 3.4 -34.7 -0.37 -0.14 -0.60 37.425976 -122.151702 3.3 0.5163 -0.2735 -2.0356 -0.347 0.220 -0.227
1.41 -35.7 -0.5 -35.1 -0.23 -0.21 -0.51 37.425976 -122.151702 3.3 0.2977 -0.0607 -2.1149 -0.340 0.248 -0.278
1.44 -35.7 -0.5 -35.1 -0.09 -0.17 -0.42 37.425976 -122.151702 3.3 0.3884 -0.5303 -1.8774 -0.335 0.275 -0.325
1.47 -36.6 -6.9 -34.2 0.06 -0.21 -0.47 37.425976 -122.151702 3.3 -0.1301 -0.6277 -1.9213 -0.346 0.296 -0.392
1.50 -36.6 -6.9 -34.2 0.09 -0.23 -0.49 37.425976 -122.151702 3.3 -0.2049 -0.3831 -2.0234 -0.340 0.310 -0.447
1.54 -36.2 -10.5 -33.2 0.21 -0.26 -0.47 37.425976 -122.151702 3.3 0.0540 -1.1029 -1.6505 -0.351 0.328 -0.513
1.57 -36.2 -10.5 -33.2 0.21 -0.29 -0.58 37.425976 -122.151702 3.3 -0.1090 -0.3756 -1.3712 -0.351 0.342 -0.567
1.60 -36.1 -14.0 -32.4 0.31 -0.22 -0.50 37.425976 -122.151702 3.3 0.0019 -0.8708 -1.3787 -0.358 0.354 -0.605
1.63 -36.1 -14.0 -32.4 0.26 -0.14 -0.44 37.425976 -122.151702 3.3 -0.3222 -0.0097 -1.0922 -0.363 0.363 -0.649
1.66 -36.5 -17.9 -30.6 0.30 -0.11 -0.62 37.425976 -122.151702 3.3 -0.7711 0.3408 -1.2755 -0.338 0.359 -0.688
1.69 -36.5 -17.9 -30.6 0.42 -0.06 -0.61 37.425976 -122.151702 3.3 -0.3353 -1.2630 -0.8611 -0.342 0.354 -0.722
1.72 -35.1 -18.8 -29.3 0.23 0.01 -0.67 37.425976 -122.151702 6.6 -1.2950 0.6724 -0.5634 -0.359 0.338 -0.751
1.75 -35.1 -18.8 -29.3 0.27 0.03 -1.00 37.425976 -122.151702 6.6 -1.6003 0.7421 -0.7256 -0.322 0.302 -0.786
1.79 -33.9 -18.2 -30.9 0.24 0.08 -0.97 37.425976 -122.151702 6.6 -0.9231 -0.7391 0.1165 -0.316 0.272 -0.805
1.82 -33.9 -18.2 -30.9 0.20 0.09 -1.10 37.425976 -122.151702 6.6 -1.1031 0.0536 0.0567 -0.337 0.239 -0.806
1.85 -33.9 -16.9 -31.6 0.13 0.07 -1.42 37.425976 -122.151702 6.6 -1.8653 1.3532 -0.2757 -0.306 0.200 -0.826
1.88 -33.9 -16.9 -31.6 0.08 0.13 -1.39 37.425976 -122.151702 6.6 -1.5657 0.4941 0.2511 -0.279 0.154 -0.840
1.91 -32.9 -13.8 -32.1 0.06 0.18 -1.44 37.425976 -122.151702 6.6 -1.0119 0.3743 0.3859 -0.276 0.103 -0.832
1.94 -32.9 -13.8 -32.1 -0.03 0.22 -1.64 37.425976 -122.151702 6.6 -1.4604 0.7420 0.4022 -0.258 0.067 -0.833
1.97 -32.4 -11.0 -33.8 0.01 0.18 -1.63 37.425976 -122.151702 6.6 -1.0138 0.6177 0.6716 -0.237 0.019 -0.823
2.01 -32.4 -11.0 -33.8 -0.19 0.20 -1.58 37.425976 -122.151702 6.6 -0.8734 0.6371 0.9414 -0.221 -0.009 -0.808
2.04 -31.9 -7.5 -35.0 -0.17 0.26 -1.47 37.425976 -122.151702 6.6 -0.6130 0.5455 0.9472 -0.205 -0.034 -0.787
2.07 -31.9 -7.5 -35.0 -0.10 0.31 -1.40 37.425976 -122.151702 6.6 -0.2622 0.2770 0.6728 -0.190 -0.052 -0.765
2.10 -30.5 -3.5 -37.0 -0.46 0.11 -1.53 37.425976 -122.151702 6.6 -0.4196 0.2724 1.4592 -0.180 -0.071 -0.730
2.13 -30.5 -3.5 -37.0 -0.39 0.10 -1.44 37.425976 -122.151702 6.6 -0.1447 0.2477 1.3605 -0.171 -0.086 -0.692
2.16 -29.5 -1.5 -38.2 -0.36 0.13 -1.46 37.425976 -122.151702 6.6 0.1750 0.2374 1.1416 -0.159 -0.089 -0.652
2.19 -29.5 -1.5 -38.2 -0.42 0.08 -1.38 37.425976 -122.151702 6.6 0.2625 0.1459 1.2319 -0.153 -0.088 -0.620
2.22 -28.3 0.9 -40.7 -0.51 0.05 -1.26 37.425976 -122.151702 6.6 0.5624 0.2837 1.3668 -0.139 -0.080 -0.571
2.25 -28.3 0.9 -40.7 -0.32 0.13 -1.30 37.425976 -122.151702 6.6 0.2970 0.1759 0.9185 -0.128 -0.069 -0.532
2.29 -28.1 1.7 -41.3 -0.42 0.04 -1.16 37.425976 -122.151702 6.6 0.7421 -0.7599 1.4381 -0.133 -0.059 -0.501
2.32 -28.1 1.7 -41.3 -0.39 -0.02 -1.12 37.425976 -122.151702 6.6 0.7347 -0.0509 1.1052 -0.141 -0.043 -0.464
2.35 -28.2 3.1 -40.8 -0.39 -0.02 -1.12 37.425976 -122.151702 6.6 0.3356 0.5583 0.4525 -0.120 -0.030 -0.441
2.38 -28.2 3.1 -40.8 -0.31 -0.04 -1.11 37.425976 -122.151702 6.6 0.6455 0.3104 0.5395 -0.110 -0.017 -0.426
2.41 -28.4 3.3 -41.0 -0.23 -0.01 -0.91 37.425976 -122.151702 6.6 0.5309 0.1077 0.6078 -0.106 0.003 -0.405
2.44 -28.4 3.3 -41.0 -0.26 -0.00 -0.88 37.425976 -122.151702 6.6 0.0175 0.8024 0.3501 -0.092 0.010 -0.388
2.47 -27.1 2.8 -41.9 -0.14 0.01 -0.98 37.425976 -122.151702 6.6 0.2279 0.3661 0.2738 -0.079 0.013 -0.381
2.50 -27.1 2.8 -41.9 -0.12 -0.02 -0.96 37.425976 -122.151702 6.6 0.5056 0.2709 0.4845 -0.076 0.030 -0.365
2.54 -25.5 2.6 -43.4 -0.15 -0.01 -0.83 37.425976 -122.151702 6.6 0.1480 0.5383 0.6488 -0.065 0.038 -0.349
2.57 -25.5 2.6 -43.4 -0.16 -0.08 -0.98 37.425976 -122.151702 6.6 -0.1662 0.3526 0.5402 -0.061 0.037 -0.333
2.60 -25.1 2.6 -44.3 0.00 -0.05 -1.03 37.425976 -122.151702 6.6 0.3976 -0.2223 0.3304 -0.047 0.047 -0.322
2.63 -25.1 2.6 -44.3 -0.01 -0.04 -0.99 37.425976 -122.151702 6.6 0.5163 0.1602 0.2605 -0.048 0.060 -0.312
2.66 -24.3 2.4 -44.9 -0.04 -0.12 -1.07 37.425976 -122.151702 6.6 0.0154 0.2236 0.1543 -0.044 0.070 -0.306
2.69 -24.3 2.4 -44.9 -0.09 -0.08 -1.09 37.425976 -122.151702 6.6 0.5800 0.1850 -0.1367 -0.045 0.076 -0.306
2.72 -23.8 2.2 -43.6 -0.03 -0.09 -0.95 37.425976 -122.151702 7.7 1.2737 -0.1797 -0.3695 -0.040 0.105 -0.315
2.76 -23.8 2.2 -43.6 -0.10 -0.16 -0.93 37.425976 -122.151702 7.7 0.7528 -0.8173 0.4656 -0.071 0.142 -0.309
2.79 -24.1 -0.1 -42.7 -0.10 -0.18 -0.96 37.425976 -122.151702 7.7 -0.3276 0.9025 -0.1216 -0.067 0.152 -0.302
2.82 -24.1 -0.1 -42.7 -0.02 -0.16 -1.04 37.425976 -122.151702 7.7 -0.8566 1.0896 -0.2088 -0.035 0.132 -0.309
2.85 -23.7 -0.7 -43.6 0.02 -0.14 -1.03 37.425976 -122.151702 7.7 0.3327 0.1612 0.3378 -0.020 0.121 -0.309
2.88 -23.7 -0.7 -43.6 0.01 -0.13 -0.98 37.425976 -122.151702 7.7 0.5280 0.0076 0.1656 -0.015 0.140 -0.299
2.91 -22.8 0.3 -44.3 0.04 -0.14 -0.97 37.425976 -122.151702 7.7 -0.0101 0.5641 -0.0986 -0.004 0.146 -0.300
2.94 -22.8 0.3 -44.3 0.04 -0.15 -1.01 37.425976 -122.151702 7.7 -0.2535 0.4844 0.0226 0.031 0.134 -0.302
2.97 -21.9 0.1 -45.0 0.00 -0.08 -0.98 37.425976 -122.151702 7.7 0.2118 -0.0210 0.1147 0.033 0.133 -0.300
3.00 -21.9 0.1 -45.0 0.08 -0.12 -0.95 37.425976 -122.151702 7.7 0.1788 -0.0575 0.0018 0.032 0.139 -0.299
3.04 -20.2 -0.2 -45.4 0.03 -0.15 -0.92 37.425976 -122.151702 7.7 -0.1398 0.0400 0.1877 0.034 0.139 -0.295
3.07 -20.2 -0.2 -45.4 0.06 -0.16 -1.03 37.425976 -122.151702 7.7 -0.2560 0.2833 0.2402 0.039 0.134 -0.288
3.10 -20.0 0.0 -45.3 0.08 -0.12 -1.01 37.425976 -122.151702 7.7 -0.0529 -0.2822 -0.0116 0.041 0.130 -0.286
3.13 -20.0 0.0 -45.3 0.02 -0.13 -0.98 37.425976 -122.151702 7.7 0.3166 -0.3079 -0.0806 0.022 0.139 -0.290
3.16 -20.4 0.6 -46.2 0.01 -0.14 -0.99 37.425976 -122.151702 7.7 -0.0851 0.0177 -0.0061 0.020 0.142 -0.292
3.19 -20.4 0.6 -46.2 0.05 -0.13 -1.01 37.425976 -122.151702 7.7 -0.2363 -0.0530 0.1014 0.020 0.136 -0.290
3.22 -21.1 0.5 -46.7 0.05 -0.13 -1.01 37.425976 -122.151702 7.7 0.2607 -0.1260 -0.0521 0.016 0.136 -0.290
3.25 -21.1 0.5 -46.7 0.03 -0.12 -0.98 37.425976 -122.151702 7.7 0.2008 -0.0077 0.1731 0.014 0.143 -0.289
3.29 -21.7 0.2 -45.6 -0.02 -0.15 -0.99 37.425976 -122.151702 7.7 -0.0013 0.1447 0.2256 0.014 0.145 -0.280
3.32 -21.7 0.2 -45.6 0.09 -0.14 -1.01 37.425976 -122.151702 7.7 -0.0144 0.0000 0.0168 0.024 0.144 -0.278
3.35 -21.9 -0.4 -44.8 0.05 -0.12 -1.02 37.425976 -122.151702 7.7 0.1944 -0.1348 0.0789 0.020 0.145 -0.277
3.38 -21.9 -0.4 -44.8 0.02 -0.16 -1.01 37.425976 -122.151702 7.7 0.2842 0.0768 0.2380 0.020 0.155 -0.271
3.41 -21.8 -0.8 -45.4 0.03 -0.18 -0.99 37.425976 -122.151702 7.7 0.0566 0.2298 0.3864 0.024 0.160 -0.263
3.44 -21.8 -0.8 -45.4 0.07 -0.20 -1.01 37.425976 -122.151702 7.7 0.0030 0.2421 0.2738 0.033 0.162 -0.255
3.47 -22.3 -0.5 -45.1 0.06 -0.17 -1.00 37.425976 -122.151702 7.7 0.3374 0.0724 0.0906 0.037 0.170 -0.248
3.50 -22.3 -0.5 -45.1 0.06 -0.18 -0.99 37.425976 -122.151702 7.7 0.2264 -0.0143 0.0642 0.039 0.178 -0.247
3.54 -22.0 -0.3 -44.9 0.08 -0.18 -1.01 37.425976 -122.151702 7.7 -0.0138 -0.0077 0.1823 0.039 0.180 -0.245
3.57 -22.0 -0.3 -44.9 0.07 -0.19 -1.04 37.425976 -122.151702 7.7 -0.1705 0.2796 0.1274 0.045 0.177 -0.238
3.60 -21.4 -0.3 -45.3 0.08 -0.18 -1.01 37.425976 -122.151702 7.7 -0.0727 0.1876 0.0393 0.052 0.173 -0.237
3.63 -21.4 -0.3 -45.3 0.08 -0.17 -0.99 37.425976 -122.151702 7.7 0.1872 -0.0332 -0.0323 0.056 0.178 -0.239
3.66 -21.0 -0.4 -46.3 0.08 -0.18 -0.99 37.425976 -122.151702 7.7 -0.0075 0.0586 0.0299 0.057 0.180 -0.239
3.69 -21.0 -0.4 -46.3 0.06 -0.18 -1.01 37.425976 -122.151702 7.7 -0.0996 -0.0412 0.0791 0.057 0.178 -0.238
3.72 -20.2 -0.2 -46.7 0.05 -0.17 -1.00 37.425976 -122.151702 6.1 0.0541 -0.0450 -0.0016 0.054 0.177 -0.237
3.75 -20.2 -0.2 -46.7 0.06 -0.18 -1.01 37.425976 -122.151702 6.1 -0.0382 -0.0216 -0.0114 0.054 0.177 -0.238
3.79 -20.1 -0.8 -45.7 0.06 -0.19 -1.00 37.425976 -122.151702 6.1 -0.0485 0.0542 0.0996 0.054 0.176 -0.236
3.82 -20.1 -0.8 -45.7 0.06 -0.17 -1.00 37.425976 -122.151702 6.1 0.0725 0.0290 0.1333 0.055 0.177 -0.232
3.85 -20.7 -0.9 -45.3 0.06 -0.16 -1.05 37.425976 -122.151702 6.1 0.0235 0.1530 -0.0226 0.057 0.177 -0.231
3.88 -20.7 -0.9 -45.3 0.09 -0.20 -0.91 37.425976 -122.151702 6.1 0.1022 0.3271 0.2500 0.063 0.179 -0.228
