iPhone Sensor Log from Crossbow started at Dec 4, 2011 11:00:58 PM Pacific Standard Time.
ElapsedTime(s) xMag(uT) yMag(uT) zMag(uT) xAccel(g) yAccel(g) zAccel(g) latitude(deg) longitude(deg) altitude(m) xRate(rad/sec) yRate(rad/sec) zRate(rad/sec) roll(rad) pitch(rad) yaw(rad)
0.03 -12.5 7.5 -50.7 0.06 -0.05 -1.00 (null) (null) (null) -0.6139 -0.2979 -0.0435 -0.073 0.005 -0.496
0.06 -12.5 7.5 -50.7 0.18 0.01 -1.09 (null) (null) (null) -0.3178 -0.0428 0.0346 -0.065 -0.014 -0.498
0.10 -13.0 8.8 -49.5 0.23 0.03 -1.04 (null) (null) (null) -0.5205 0.0861 0.1956 -0.046 -0.027 -0.493
0.13 -13.0 8.8 -49.5 0.21 0.02 -1.20 (null) (null) (null) -0.7389 0.1026 0.2948 -0.044 -0.046 -0.487
0.16 -12.9 10.7 -49.4 0.27 0.05 -1.13 (null) (null) (null) -0.4292 0.3256 0.4211 -0.037 -0.062 -0.478
0.19 -12.9 10.7 -49.4 0.28 0.01 -1.15 (null) (null) (null) -0.3387 0.6809 0.5235 -0.022 -0.072 -0.465
0.22 -9.6 13.6 -50.4 0.26 0.07 -1.17 (null) (null) (null) -0.2906 0.4103 0.6477 0.002 -0.082 -0.443
0.25 -9.6 13.6 -50.4 0.32 0.07 -1.26 (null) (null) (null) -0.4306 -0.0586 0.6503 0.006 -0.094 -0.424
0.28 -6.0 14.3 -50.4 0.26 0.09 -1.25 (null) (null) (null) -0.1943 0.0781 0.7999 0.006 -0.103 -0.405
0.32 -6.0 14.3 -50.4 0.23 0.13 -1.14 (null) (null) (null) 0.0861 0.2938 1.0018 0.020 -0.100 -0.370
0.35 -3.1 11.7 -49.1 0.18 0.14 -1.26 (null) (null) (null) -0.1492 0.0202 1.1520 0.027 -0.102 -0.329
0.38 -3.1 11.7 -49.1 0.05 0.21 -1.30 (null) (null) (null) 0.1821 0.2470 1.3396 0.035 -0.100 -0.294
0.41 -1.7 8.3 -46.7 -0.02 0.19 -1.27 (null) (null) (null) 0.4341 0.3168 1.3695 0.047 -0.089 -0.256
0.44 -1.7 8.3 -46.7 -0.23 0.20 -1.15 (null) (null) (null) 0.5840 0.1197 1.3805 0.057 -0.071 -0.216
0.47 -2.2 6.8 -45.7 -0.27 0.20 -1.19 (null) (null) (null) 0.4375 -0.1463 1.3171 0.059 -0.050 -0.167
0.50 -2.2 6.8 -45.7 -0.31 0.19 -1.21 (null) (null) (null) 0.6220 0.3932 1.1593 0.064 -0.032 -0.134
0.53 -2.6 4.1 -46.7 -0.29 0.15 -1.15 (null) (null) (null) 0.7414 0.3330 1.0470 0.076 -0.011 -0.105
0.56 -2.6 4.1 -46.7 -0.25 0.10 -1.08 (null) (null) (null) 0.6007 -0.4011 0.7452 0.071 0.016 -0.074
0.60 -2.2 3.3 -47.8 -0.21 0.08 -1.04 (null) (null) (null) 0.5971 -0.2579 0.7479 0.058 0.041 -0.050
0.63 -2.2 3.3 -47.8 -0.34 0.05 -1.05 (null) (null) (null) 0.6511 -0.0009 0.7524 0.052 0.059 -0.029
0.66 -1.5 0.8 -48.1 -0.37 0.04 -1.06 (null) (null) (null) 0.6400 -0.0512 0.6098 0.052 0.079 -0.011
0.69 -1.5 0.8 -48.1 -0.29 0.00 -0.91 (null) (null) (null) 0.8105 -0.1983 0.2881 0.045 0.099 0.000
0.72 -0.7 -1.4 -47.8 -0.34 0.00 -0.79 (null) (null) (null) 0.7882 -0.2225 0.0997 0.034 0.131 0.005
0.75 -0.7 -1.4 -47.8 -0.37 -0.06 -0.90 (null) (null) (null) 0.5430 -0.1193 -0.1101 0.011 0.147 0.006
0.78 -1.9 -3.8 -46.5 -0.33 -0.09 -0.83 (null) (null) (null) 0.5792 -0.5275 -0.4269 -0.007 0.160 -0.001
0.81 -1.9 -3.8 -46.5 -0.25 -0.10 -0.55 (null) (null) (null) 0.7658 -0.4155 -0.7214 -0.022 0.188 -0.024
0.85 -3.1 -5.3 -45.7 -0.31 -0.10 -0.70 (null) (null) (null) 0.2643 -0.0693 -0.8323 -0.027 0.207 -0.052
0.88 -3.1 -5.3 -45.7 -0.33 -0.10 -0.80 (null) (null) (null) 0.2019 -0.4578 -1.0928 -0.028 0.213 -0.080
0.91 -3.7 -6.7 -44.7 -0.17 -0.11 -0.67 (null) (null) (null) 0.3779 -0.8818 -1.3637 -0.040 0.223 -0.116
0.94 -3.7 -6.7 -44.7 -0.17 -0.11 -0.53 (null) (null) (null) 0.3310 -0.8558 -1.2955 -0.056 0.235 -0.155
0.97 -4.8 -7.0 -43.8 -0.12 -0.16 -0.65 (null) (null) (null) -0.0122 -0.0452 -1.2613 -0.062 0.245 -0.203
1.00 -4.8 -7.0 -43.8 -0.11 -0.19 -0.82 (null) (null) (null) -0.0974 0.1488 -1.1558 -0.051 0.244 -0.237
1.03 -5.3 -7.4 -43.1 -0.15 -0.12 -0.63 (null) (null) (null) 0.4056 0.0163 -0.9982 -0.042 0.250 -0.267
1.06 -5.3 -7.4 -43.1 -0.02 -0.19 -0.58 (null) (null) (null) 0.4406 -0.2605 -1.2222 -0.034 0.266 -0.300
1.10 -5.5 -8.9 -43.4 -0.04 -0.14 -0.56 (null) (null) (null) 0.0026 -0.9103 -0.8887 -0.055 0.272 -0.356
1.13 -5.5 -8.9 -43.4 0.00 -0.14 -0.50 (null) (null) (null) 0.1304 -0.2218 -0.8687 -0.062 0.276 -0.381
1.16 -6.1 -9.3 -43.6 0.10 -0.14 -0.51 (null) (null) (null) -0.1076 -0.3500 -0.8863 -0.064 0.278 -0.405
1.19 -6.1 -9.3 -43.6 0.31 -0.21 -0.67 (null) (null) (null) -0.5331 -0.3924 -1.0055 -0.066 0.270 -0.434
1.22 -7.6 -9.0 -43.1 0.35 -0.17 -0.58 (null) (null) (null) -0.3610 0.1319 -0.6531 -0.072 0.253 -0.463
1.25 -7.6 -9.0 -43.1 0.44 -0.24 -0.71 (null) (null) (null) -0.5053 0.7576 -0.5743 -0.050 0.243 -0.483
1.28 -7.8 -8.5 -43.9 0.11 -0.07 -0.76 (null) (null) (null) -0.6698 0.5408 -0.1495 -0.030 0.226 -0.493
1.31 -7.8 -8.5 -43.9 0.43 -0.18 -0.92 (null) (null) (null) -0.5848 0.7095 -0.3533 -0.013 0.209 -0.498
1.35 -5.8 -6.5 -45.8 0.46 -0.21 -0.82 (null) (null) (null) -0.5742 0.2882 -0.3219 0.014 0.178 -0.525
1.38 -5.8 -6.5 -45.8 0.28 -0.11 -0.98 (null) (null) (null) -0.5126 0.6889 0.0935 0.035 0.163 -0.527
1.41 -5.0 -5.2 -46.6 0.35 -0.15 -1.21 (null) (null) (null) -0.8976 0.5655 -0.1428 0.054 0.142 -0.527
1.44 -5.0 -5.2 -46.6 0.42 -0.12 -0.92 (null) (null) (null) -0.3848 0.2550 -0.1846 0.065 0.124 -0.531
1.47 -4.9 -3.6 -47.6 0.34 -0.08 -1.08 (null) (null) (null) -0.6189 -0.1332 -0.0289 0.113 0.107 -0.538
1.50 -4.9 -3.6 -47.6 0.38 -0.17 -1.30 (null) (null) (null) -0.8278 0.1315 -0.0428 0.111 0.085 -0.536
1.53 -4.0 -2.7 -48.3 0.43 -0.16 -1.11 (null) (null) (null) -0.3537 0.5885 0.0379 0.122 0.069 -0.535
1.56 -4.0 -2.7 -48.3 0.20 -0.07 -1.24 (null) (null) (null) -0.2909 0.5616 0.2974 0.140 0.063 -0.530
1.60 -2.7 -0.2 -49.4 0.26 -0.07 -1.35 (null) (null) (null) -0.8877 -0.3294 0.3308 0.140 0.033 -0.509
1.63 -2.7 -0.2 -49.4 0.09 0.00 -1.34 (null) (null) (null) -0.5065 0.0721 0.4886 0.136 0.017 -0.494
1.66 -1.4 2.2 -49.8 0.03 0.04 -1.30 (null) (null) (null) -0.4128 0.0429 0.5393 0.138 0.006 -0.478
1.69 -1.4 2.2 -49.8 0.03 0.01 -1.29 (null) (null) (null) -0.2316 0.0131 0.4869 0.138 0.000 -0.463
1.72 -0.3 4.3 -49.9 -0.01 0.02 -1.23 (null) (null) (null) -0.1620 0.3753 0.5604 0.143 -0.006 -0.442
1.75 -0.3 4.3 -49.9 -0.09 0.04 -1.24 (null) (null) (null) -0.0688 0.5037 0.5502 0.157 -0.006 -0.427
1.78 2.1 5.2 -49.1 -0.06 0.01 -1.24 (null) (null) (null) -0.1310 0.1834 0.5449 0.166 -0.006 -0.411
1.81 2.1 5.2 -49.1 -0.10 0.02 -1.14 (null) (null) (null) -0.0169 -0.0929 0.4015 0.166 -0.006 -0.399
1.85 4.5 4.2 -48.6 -0.11 0.00 -1.17 (null) (null) (null) -0.0088 0.1042 0.4963 0.166 -0.002 -0.375
1.88 4.5 4.2 -48.6 -0.08 -0.00 -1.06 (null) (null) (null) 0.1894 0.1079 0.4077 0.158 0.002 -0.364
1.91 5.7 3.1 -48.0 0.02 -0.04 -0.94 (null) (null) (null) 0.2674 -0.1651 0.2295 0.140 0.014 -0.357
