iPhone Sensor Log from Crossbow started at Nov 17, 2011 15:20:55 Pacific Standard Time.
ElapsedTime(s) xMag(uT) yMag(uT) zMag(uT) xAccel(g) yAccel(g) zAccel(g) latitude(deg) longitude(deg) altitude(m) xRate(rad/sec) yRate(rad/sec) zRate(rad/sec) roll(rad) pitch(rad) yaw(rad)
0.04 -19.8 -1.4 -44.7 0.09 -0.12 -0.95 37.425930 -122.151760 21.0 -0.0878 0.1316 -0.0565 0.098 0.121 -0.253
0.07 -19.8 -1.4 -44.7 0.10 -0.12 -0.98 37.425930 -122.151760 21.0 -0.1014 -0.0742 -0.0651 0.100 0.117 -0.255
0.10 -20.4 -1.3 -44.0 0.12 -0.12 -0.98 37.425930 -122.151760 21.0 -0.0096 0.0809 -0.0796 0.101 0.116 -0.258
0.13 -20.4 -1.3 -44.0 0.14 -0.13 -0.94 37.425930 -122.151760 21.0 -0.3362 -0.1639 -0.0168 0.104 0.112 -0.260
0.16 -20.6 -1.6 -42.5 0.08 -0.07 -1.04 37.425930 -122.151760 21.0 -0.7195 -0.5676 -0.0173 0.087 0.090 -0.258
0.19 -20.6 -1.6 -42.5 0.05 -0.04 -1.11 37.425930 -122.151760 21.0 -0.5628 -0.5348 0.0509 0.071 0.073 -0.257
0.22 -20.5 -1.1 -41.4 0.08 -0.05 -1.04 37.425930 -122.151760 21.0 -0.0945 -0.1970 0.1472 0.062 0.065 -0.254
0.26 -20.5 -1.1 -41.4 0.04 -0.08 -1.03 37.425930 -122.151760 21.0 -0.1251 -0.1273 0.2560 0.054 0.063 -0.244
0.29 -21.6 0.9 -41.5 0.04 -0.06 -1.03 37.425930 -122.151760 21.0 -0.1597 -0.0344 0.1271 0.051 0.060 -0.239
0.32 -21.6 0.9 -41.5 0.07 -0.08 -1.01 37.425930 -122.151760 21.0 -0.0626 -0.0023 0.0709 0.050 0.057 -0.237
0.35 -22.5 2.2 -41.8 0.03 -0.06 -1.00 37.425930 -122.151760 21.0 0.0299 -0.0630 0.0863 0.049 0.058 -0.234
0.38 -22.5 2.2 -41.8 0.04 -0.09 -0.99 37.425930 -122.151760 21.0 0.0241 -0.0511 0.0022 0.046 0.060 -0.233
0.41 -21.9 1.8 -41.7 0.12 -0.03 -0.97 37.425930 -122.151760 21.0 -0.0386 -0.0425 -0.2349 0.048 0.058 -0.239
0.44 -21.9 1.8 -41.7 0.08 -0.10 -0.96 37.425930 -122.151760 21.0 -0.0154 -0.1716 -0.2082 0.044 0.061 -0.247
0.47 -21.8 1.0 -41.2 0.23 -0.12 -1.03 37.425930 -122.151760 21.0 -0.3740 0.0618 -0.4108 0.046 0.056 -0.254
0.51 -21.8 1.0 -41.2 0.23 -0.03 -1.03 37.425930 -122.151760 21.0 -0.1965 -0.0160 -0.6876 0.052 0.045 -0.280
0.54 -22.7 0.9 -41.1 0.28 -0.13 -0.97 37.425930 -122.151760 21.0 -0.0580 -0.3274 -0.2142 0.053 0.044 -0.288
0.57 -22.7 0.9 -41.1 0.39 0.06 -1.07 37.425930 -122.151760 21.0 -0.5375 -0.1326 -0.7545 0.054 0.035 -0.303
0.60 -23.3 1.4 -41.4 0.35 -0.03 -1.17 37.425930 -122.151760 21.0 -1.3391 0.0250 0.0366 0.044 -0.011 -0.323
0.63 -23.3 1.4 -41.4 0.19 0.07 -1.19 37.425930 -122.151760 21.0 -1.0007 -0.6314 0.5899 0.035 -0.041 -0.310
0.66 -23.2 3.2 -41.2 0.18 -0.00 -1.41 37.425930 -122.151760 21.0 -1.2489 -0.2905 0.6229 0.022 -0.069 -0.293
0.69 -23.2 3.2 -41.2 0.12 -0.04 -1.55 37.425930 -122.151760 21.0 -1.6415 0.2398 0.6031 0.029 -0.125 -0.270
0.72 -24.3 6.8 -40.3 0.06 0.05 -1.54 37.425930 -122.151760 20.4 -1.2911 0.0171 0.7205 0.035 -0.163 -0.251
0.76 -24.3 6.8 -40.3 -0.06 0.20 -1.57 37.425930 -122.151760 20.4 -0.9017 0.5154 0.5980 0.048 -0.202 -0.219
0.79 -24.2 9.6 -39.5 -0.06 0.20 -1.57 37.425930 -122.151760 20.4 -1.3826 0.9581 0.5553 0.073 -0.233 -0.202
0.82 -24.2 9.6 -39.5 -0.12 0.12 -1.83 37.425930 -122.151760 20.4 -1.4694 0.7458 0.5650 0.102 -0.270 -0.184
0.85 -21.8 14.8 -39.8 -0.09 0.42 -1.62 37.425930 -122.151760 20.4 -0.8343 -1.9201 1.6368 0.083 -0.310 -0.137
0.88 -21.8 14.8 -39.8 -0.39 0.49 -1.31 37.425930 -122.151760 20.4 0.3814 -0.9641 1.2774 0.056 -0.309 -0.096
0.91 -21.2 18.0 -38.9 -0.09 0.49 -1.44 37.425930 -122.151760 20.4 0.9402 0.0838 0.7973 0.057 -0.289 -0.072
0.94 -21.2 18.0 -38.9 -0.45 0.47 -1.34 37.425930 -122.151760 20.4 1.9558 -0.6062 0.7201 0.045 -0.217 -0.023
0.97 -21.2 18.6 -38.4 -0.21 0.47 -1.31 37.425930 -122.151760 20.4 2.0694 -0.1855 0.0338 0.036 -0.163 -0.021
1.01 -21.2 18.6 -38.4 -0.23 0.50 -1.08 37.425930 -122.151760 20.4 1.9637 -0.0579 0.6578 0.032 -0.108 -0.014
1.04 -21.2 16.8 -40.0 -0.43 0.37 -1.24 37.425930 -122.151760 20.4 1.3408 0.2172 0.6025 0.037 -0.054 0.011
1.07 -21.2 16.8 -40.0 -0.55 0.28 -0.97 37.425930 -122.151760 20.4 2.1059 -0.0850 0.1129 0.037 -0.008 0.018
1.10 -21.6 14.1 -41.2 -0.40 0.34 -0.89 37.425930 -122.151760 20.4 2.4566 -0.2689 -0.9371 0.032 0.055 0.002
1.13 -21.6 14.1 -41.2 -0.24 0.35 -0.66 37.425930 -122.151760 20.4 2.2936 -0.2755 -0.9400 0.027 0.158 -0.048
1.16 -22.3 7.5 -42.1 -0.25 0.24 -0.50 37.425930 -122.151760 20.4 1.9528 -0.4723 -0.6219 0.020 0.214 -0.071
1.19 -22.3 7.5 -42.1 -0.42 0.09 -0.65 37.425930 -122.151760 20.4 1.5376 -0.6559 -0.6475 0.007 0.257 -0.086
1.22 -23.2 1.3 -42.3 -0.28 -0.01 -0.27 37.425930 -122.151760 20.4 2.0454 -0.7193 -1.1378 -0.006 0.323 -0.126
1.26 -23.2 1.3 -42.3 -0.23 -0.11 -0.29 37.425930 -122.151760 20.4 1.4137 -0.4789 -1.0330 -0.012 0.371 -0.156
1.29 -25.1 -7.3 -42.1 -0.25 -0.17 -0.35 37.425930 -122.151760 20.4 0.8131 -0.8390 -0.9787 -0.021 0.403 -0.193
1.32 -25.1 -7.3 -42.1 -0.33 -0.21 -0.29 37.425930 -122.151760 20.4 0.9663 -1.3360 -1.1013 -0.046 0.438 -0.231
1.35 -26.6 -11.3 -41.0 -0.15 -0.25 -0.32 37.425930 -122.151760 20.4 0.5992 -1.0349 -1.6503 -0.060 0.462 -0.271
1.38 -26.6 -11.3 -41.0 -0.07 -0.23 -0.26 37.425930 -122.151760 20.4 0.5149 -1.0105 -1.5667 -0.065 0.483 -0.337
1.41 -28.8 -16.5 -38.3 -0.05 -0.22 -0.30 37.425930 -122.151760 20.4 0.3429 -1.6221 -1.4545 -0.083 0.498 -0.379
1.44 -28.8 -16.5 -38.3 0.04 -0.18 -0.37 37.425930 -122.151760 20.4 -0.1551 -0.9903 -1.5959 -0.094 0.502 -0.426
1.47 -29.6 -19.4 -36.8 0.04 -0.24 -0.24 37.425930 -122.151760 20.4 0.1887 -2.3475 -1.1853 -0.128 0.508 -0.498
1.51 -29.6 -19.4 -36.8 0.23 -0.30 -0.51 37.425930 -122.151760 20.4 -0.6100 -1.4074 -1.3360 -0.165 0.509 -0.535
1.54 -30.4 -22.0 -33.2 0.26 -0.23 -0.60 37.425930 -122.151760 20.4 -0.9082 -0.1795 -1.2948 -0.157 0.489 -0.582
1.57 -30.4 -22.0 -33.2 0.17 -0.21 -0.47 37.425930 -122.151760 20.4 -0.1240 -1.3022 -0.5735 -0.164 0.477 -0.619
1.60 -30.9 -22.8 -31.0 0.21 -0.20 -0.74 37.425930 -122.151760 20.4 -0.5015 -1.3621 -0.5409 -0.197 0.474 -0.635
1.63 -30.9 -22.8 -31.0 0.35 -0.13 -0.84 37.425930 -122.151760 20.4 -1.1567 0.2279 -0.9111 -0.196 0.452 -0.664
1.66 -31.2 -24.3 -29.8 0.39 -0.05 -0.85 37.425930 -122.151760 20.4 -1.1835 0.5627 -0.7986 -0.140 0.406 -0.716
1.69 -31.2 -24.3 -29.8 0.39 -0.05 -0.85 37.425930 -122.151760 20.4 -0.7330 0.0020 -0.5005 -0.128 0.385 -0.738
1.73 -30.7 -24.9 -30.5 0.38 -0.04 -0.91 37.425930 -122.151760 24.8 -1.2733 0.2678 -0.5247 -0.111 0.348 -0.764
1.76 -30.7 -24.9 -30.5 0.44 0.00 -1.04 37.425930 -122.151760 24.8 -1.3022 0.4493 -0.3286 -0.097 0.315 -0.779
1.79 -29.1 -22.8 -32.5 0.38 0.05 -1.07 37.425930 -122.151760 24.8 -0.9808 0.5276 -0.0907 -0.081 0.285 -0.787
1.82 -29.1 -22.8 -32.5 0.31 0.09 -1.17 37.425930 -122.151760 24.8 -1.2876 -0.0793 -0.1745 -0.073 0.247 -0.795
1.85 -26.9 -19.6 -34.8 0.44 0.08 -1.27 37.425930 -122.151760 24.8 -1.2590 0.4451 0.0259 -0.065 0.201 -0.802
1.88 -26.9 -19.6 -34.8 0.33 0.10 -1.41 37.425930 -122.151760 24.8 -0.6552 -0.2190 0.4455 -0.062 0.175 -0.797
1.91 -26.3 -17.7 -36.2 0.27 0.09 -1.45 37.425930 -122.151760 24.8 -0.8138 -0.1875 0.5089 -0.082 0.148 -0.779
1.94 -26.3 -17.7 -36.2 0.37 0.14 -1.49 37.425930 -122.151760 24.8 -1.1588 1.0531 0.2314 -0.068 0.123 -0.773
1.97 -26.0 -14.7 -36.6 0.15 0.12 -1.55 37.425930 -122.151760 24.8 -1.0885 0.4238 0.9959 -0.047 0.088 -0.758
2.01 -26.0 -14.7 -36.6 0.13 0.12 -1.43 37.425930 -122.151760 24.8 -0.6201 0.0704 1.0918 -0.063 0.056 -0.703
2.04 -26.4 -12.3 -37.0 0.08 0.18 -1.54 37.425930 -122.151760 24.8 -0.8446 0.7875 1.1248 -0.047 0.034 -0.679
2.07 -26.4 -12.3 -37.0 -0.16 0.11 -1.63 37.425930 -122.151760 24.8 -0.7619 -0.2402 1.8573 -0.042 0.011 -0.637
2.10 -26.4 -9.5 -38.5 -0.27 -0.03 -1.42 37.425930 -122.151760 24.8 -0.0269 0.3279 1.1859 -0.049 -0.002 -0.581
2.13 -26.4 -9.5 -38.5 -0.27 0.01 -1.46 37.425930 -122.151760 24.8 -0.7322 1.2358 0.7385 -0.025 -0.014 -0.559
2.16 -26.4 -4.5 -39.4 -0.26 -0.01 -1.55 37.425930 -122.151760 24.8 0.1323 0.0566 0.8547 0.000 -0.041 -0.523
2.19 -26.4 -4.5 -39.4 -0.20 -0.01 -1.33 37.425930 -122.151760 24.8 0.0285 0.2471 0.5107 0.002 -0.035 -0.506
2.22 -25.6 -1.9 -40.7 -0.28 -0.05 -1.38 37.425930 -122.151760 24.8 -0.3579 1.2113 0.6682 0.026 -0.041 -0.491
2.26 -25.6 -1.9 -40.7 -0.25 -0.02 -1.25 37.425930 -122.151760 24.8 0.1529 0.1509 1.0334 0.051 -0.046 -0.459
2.29 -23.8 0.3 -41.6 -0.24 -0.00 -1.09 37.425930 -122.151760 24.8 0.1662 -0.0492 1.2114 0.050 -0.038 -0.428
2.32 -23.8 0.3 -41.6 -0.29 -0.00 -1.07 37.425930 -122.151760 24.8 0.1695 -0.1027 1.3515 0.051 -0.032 -0.395
2.35 -23.1 0.9 -41.4 -0.39 -0.02 -1.01 37.425930 -122.151760 24.8 0.7967 -0.6015 0.7385 0.030 -0.017 -0.356
2.38 -23.1 0.9 -41.4 -0.26 0.06 -1.32 37.425930 -122.151760 24.8 1.3844 1.0669 0.6232 0.046 0.027 -0.339
2.41 -23.5 0.4 -42.0 -0.16 -0.05 -1.03 37.425930 -122.151760 24.8 0.0803 -0.4269 0.7936 0.046 0.045 -0.320
2.44 -23.5 0.4 -42.0 -0.26 -0.09 -0.98 37.425930 -122.151760 24.8 0.3820 -0.5947 0.3674 0.024 0.053 -0.297
2.47 -24.1 0.1 -41.8 -0.19 -0.10 -1.00 37.425930 -122.151760 24.8 0.3561 -0.8481 -0.1959 0.004 0.064 -0.296
2.51 -24.1 0.1 -41.8 -0.25 -0.08 -0.88 37.425930 -122.151760 24.8 0.2643 -1.2687 -0.5864 -0.028 0.072 -0.310
2.54 -25.5 -0.2 -41.1 -0.23 -0.11 -0.93 37.425930 -122.151760 24.8 -0.1761 0.0842 0.9258 -0.067 0.070 -0.299
2.57 -25.5 -0.2 -41.1 -0.18 -0.05 -1.00 37.425930 -122.151760 24.8 -0.3134 -0.1594 0.6586 -0.078 0.060 -0.277
2.60 -27.3 0.0 -39.9 -0.14 -0.01 -0.82 37.425930 -122.151760 24.8 0.3603 0.2805 0.2034 -0.082 0.058 -0.267
2.63 -27.3 0.0 -39.9 -0.14 -0.01 -0.82 37.425930 -122.151760 24.8 0.4531 0.8371 0.1705 -0.056 0.076 -0.262
2.66 -27.4 0.0 -40.0 -0.03 -0.14 -0.98 37.425930 -122.151760 24.8 -0.0099 0.5091 0.9567 -0.041 0.081 -0.245
2.69 -27.4 0.0 -40.0 -0.03 -0.14 -0.98 37.425930 -122.151760 24.8 -0.0696 0.6361 0.4007 -0.021 0.073 -0.210
2.72 -25.9 0.0 -40.7 -0.01 -0.08 -0.97 37.425930 -122.151760 22.7 0.0870 0.6945 0.4564 -0.003 0.074 -0.200
2.76 -25.9 0.0 -40.7 -0.08 -0.10 -0.93 37.425930 -122.151760 22.7 0.0578 0.1948 0.7441 0.006 0.076 -0.184
2.79 -24.5 0.6 -40.7 -0.02 -0.16 -0.99 37.425930 -122.151760 22.7 0.1451 -0.0230 0.3437 0.002 0.087 -0.164
2.82 -24.5 0.6 -40.7 0.01 -0.12 -1.01 37.425930 -122.151760 22.7 0.2903 0.2498 0.0138 0.005 0.096 -0.160
2.85 -24.2 1.9 -41.4 -0.02 -0.12 -0.94 37.425930 -122.151760 22.7 0.3125 0.2217 0.2132 0.006 0.108 -0.158
2.88 -24.2 1.9 -41.4 -0.02 -0.16 -0.96 37.425930 -122.151760 22.7 0.2731 0.0428 0.3538 0.002 0.126 -0.139
2.91 -23.5 1.7 -41.9 0.04 -0.18 -0.96 37.425930 -122.151760 22.7 0.0158 0.2353 0.0415 0.009 0.133 -0.136
2.95 -23.5 1.7 -41.9 0.02 -0.10 -0.98 37.425930 -122.151760 22.7 -0.0300 -0.0362 0.3890 0.012 0.127 -0.128
2.98 -22.3 2.0 -42.3 0.01 -0.15 -1.03 37.425930 -122.151760 22.7 0.3068 0.0300 0.3204 0.009 0.132 -0.118
3.01 -22.3 2.0 -42.3 0.04 -0.15 -1.03 37.425930 -122.151760 22.7 0.3277 0.1965 0.0113 0.013 0.143 -0.115
