iPhone Sensor Log from Crossbow started at Nov 17, 2011 15:22:23 Pacific Standard Time.
ElapsedTime(s) xMag(uT) yMag(uT) zMag(uT) xAccel(g) yAccel(g) zAccel(g) latitude(deg) longitude(deg) altitude(m) xRate(rad/sec) yRate(rad/sec) zRate(rad/sec) roll(rad) pitch(rad) yaw(rad)
0.03 -19.3 4.7 -43.1 0.08 -0.06 -0.98 37.425989 -122.151761 10.2 0.1991 -0.2653 0.2267 0.098 0.049 -0.163
0.07 -19.3 4.7 -43.1 0.06 -0.05 -1.03 37.425989 -122.151761 10.2 0.0975 -0.1621 0.0343 0.080 0.051 -0.156
0.10 -19.2 3.7 -41.8 0.08 -0.05 -0.99 37.425989 -122.151761 10.2 -0.0446 0.0314 0.0354 0.078 0.052 -0.156
0.13 -19.2 3.7 -41.8 0.09 -0.06 -0.95 37.425989 -122.151761 10.2 -0.2636 -0.0865 0.0531 0.078 0.049 -0.155
0.16 -19.9 3.2 -41.3 0.05 -0.05 -1.02 37.425989 -122.151761 10.2 -0.5666 -0.7214 -0.0349 0.061 0.032 -0.153
0.19 -19.9 3.2 -41.3 0.06 -0.01 -1.00 37.425989 -122.151761 10.2 -0.3542 -0.4091 -0.1071 0.046 0.020 -0.156
0.22 -19.7 3.9 -41.4 0.06 -0.03 -1.00 37.425989 -122.151761 10.2 -0.4023 -0.0995 -0.0383 0.039 0.008 -0.158
0.25 -19.7 3.9 -41.4 0.11 -0.06 -0.90 37.425989 -122.151761 9.1 -0.3969 -0.5010 -0.1373 0.035 -0.002 -0.159
0.28 -19.8 5.1 -41.1 0.16 0.00 -0.97 37.425989 -122.151761 9.1 -0.9068 -0.5063 -0.3378 0.022 -0.020 -0.167
0.32 -19.8 5.1 -41.1 0.25 -0.03 -1.04 37.425989 -122.151761 9.1 -1.5830 0.0520 -0.4997 0.011 -0.065 -0.183
0.35 -20.6 7.2 -39.7 0.27 0.04 -1.12 37.425989 -122.151761 9.1 -1.4627 -0.0023 -0.2211 0.013 -0.108 -0.192
0.38 -20.6 7.2 -39.7 0.26 -0.03 -1.11 37.425989 -122.151761 9.1 -0.7000 -0.3800 0.0444 0.005 -0.135 -0.193
0.41 -20.7 9.6 -39.7 0.34 0.07 -1.21 37.425989 -122.151761 9.1 -0.7440 0.2648 -0.0151 0.009 -0.169 -0.188
0.44 -20.7 9.6 -39.7 0.39 0.06 -1.33 37.425989 -122.151761 9.1 -0.6679 -0.3431 0.4267 0.004 -0.185 -0.183
0.47 -22.3 13.4 -39.5 0.29 0.12 -1.75 37.425989 -122.151761 9.1 -1.0200 -0.1168 0.8099 0.000 -0.210 -0.164
0.50 -22.3 13.4 -39.5 0.29 0.23 -1.88 37.425989 -122.151761 9.1 0.0401 -0.7125 1.6001 -0.005 -0.228 -0.121
0.53 -23.4 15.3 -38.7 0.15 0.31 -1.90 37.425989 -122.151761 9.1 0.2175 -0.2945 1.8586 -0.008 -0.223 -0.073
0.57 -23.4 15.3 -38.7 0.04 0.36 -1.79 37.425989 -122.151761 9.1 0.6607 -0.0909 1.7507 -0.000 -0.210 -0.008
0.60 -22.7 17.6 -38.5 -0.10 0.45 -1.58 37.425989 -122.151761 9.1 0.9641 0.4054 1.8765 0.019 -0.179 0.056
0.63 -22.7 17.6 -38.5 -0.22 0.47 -1.46 37.425989 -122.151761 9.1 0.7550 0.8704 1.9006 0.044 -0.155 0.106
0.66 -20.1 19.3 -39.0 -0.21 0.45 -1.31 37.425989 -122.151761 9.1 0.5798 0.7766 1.7104 0.085 -0.133 0.168
0.69 -20.1 19.3 -39.0 -0.35 0.43 -1.28 37.425989 -122.151761 9.1 0.7551 0.2507 1.8208 0.103 -0.110 0.212
0.72 -17.6 19.8 -40.4 -0.49 0.38 -1.33 37.425989 -122.151761 9.1 0.7545 0.0975 1.8073 0.110 -0.085 0.260
0.75 -17.6 19.8 -40.4 -0.38 0.45 -1.07 37.425989 -122.151761 9.1 1.1498 -0.1596 1.0953 0.118 -0.050 0.305
0.79 -14.8 18.9 -42.1 -0.43 0.42 -1.15 37.425989 -122.151761 9.1 1.8684 -1.0801 0.8410 0.090 0.015 0.330
0.82 -14.8 18.9 -42.1 -0.59 0.35 -1.22 37.425989 -122.151761 9.1 1.5366 -0.9572 0.6634 0.063 0.059 0.347
0.85 -14.7 17.3 -42.7 -0.40 0.36 -0.80 37.425989 -122.151761 9.1 3.0122 -2.0551 -0.3287 0.010 0.138 0.350
0.88 -14.7 17.3 -42.7 -0.47 0.23 -0.61 37.425989 -122.151761 9.1 3.0178 -1.9508 -1.0089 -0.043 0.222 0.328
0.91 -18.8 10.6 -42.9 -0.47 0.15 -0.61 37.425989 -122.151761 9.1 2.0713 -1.2934 -0.7684 -0.080 0.289 0.310
0.94 -18.8 10.6 -42.9 -0.47 0.15 -0.61 37.425989 -122.151761 9.1 1.4602 -1.3491 -1.1016 -0.122 0.362 0.272
0.97 -23.2 4.3 -42.5 -0.40 0.06 -0.40 37.425989 -122.151761 9.1 1.5325 -1.4753 -1.4260 -0.148 0.406 0.241
1.00 -23.2 4.3 -42.5 -0.39 0.02 -0.20 37.425989 -122.151761 9.1 1.4331 -1.3519 -1.5853 -0.170 0.452 0.204
1.04 -26.9 -1.6 -42.0 -0.29 -0.03 -0.09 37.425989 -122.151761 9.1 0.9173 -1.1344 -2.0338 -0.188 0.504 0.140
1.07 -26.9 -1.6 -42.0 -0.17 -0.12 -0.10 37.425989 -122.151761 9.1 0.6474 -1.0684 -2.3756 -0.182 0.533 0.076
1.10 -30.3 -10.3 -39.2 -0.10 -0.17 -0.05 37.425989 -122.151761 9.1 0.2797 -1.7010 -2.1604 -0.190 0.575 -0.037
1.13 -30.3 -10.3 -39.2 -0.10 -0.19 -0.11 37.425989 -122.151761 9.1 -0.4045 -1.0319 -2.2193 -0.189 0.582 -0.106
1.16 -31.5 -15.1 -36.9 -0.09 -0.21 -0.29 37.425989 -122.151761 9.1 -0.5710 -1.0641 -2.2156 -0.174 0.579 -0.179
1.19 -31.5 -15.1 -36.9 -0.01 -0.13 -0.34 37.425989 -122.151761 9.1 -0.2518 -1.6500 -2.0722 -0.174 0.577 -0.273
1.22 -32.2 -19.2 -35.3 0.01 -0.16 -0.33 37.425989 -122.151761 6.5 -0.2762 -1.5011 -1.7400 -0.184 0.581 -0.333
1.25 -32.2 -19.2 -35.3 0.03 -0.17 -0.51 37.425989 -122.151761 6.5 -0.9906 -0.5555 -2.0276 -0.175 0.571 -0.396
1.28 -32.6 -22.5 -33.3 0.29 -0.17 -0.62 37.425989 -122.151761 6.5 -0.4055 -2.7940 -1.8489 -0.183 0.551 -0.507
1.32 -32.6 -22.5 -33.3 0.29 -0.02 -0.42 37.425989 -122.151761 6.5 -0.2998 -1.8379 -1.5265 -0.222 0.554 -0.560
1.35 -33.0 -24.6 -30.1 0.19 -0.17 -0.55 37.425989 -122.151761 6.5 -1.4149 -0.5512 -0.9961 -0.223 0.537 -0.605
1.38 -33.0 -24.6 -30.1 0.16 -0.23 -0.93 37.425989 -122.151761 6.5 -1.7885 -1.3321 -0.6483 -0.233 0.478 -0.649
1.41 -32.5 -24.6 -29.1 0.35 -0.13 -0.85 37.425989 -122.151761 6.5 -0.9103 -0.7214 -0.8253 -0.248 0.449 -0.681
1.44 -32.5 -24.6 -29.1 0.30 -0.06 -0.70 37.425989 -122.151761 6.5 -0.7322 0.0238 -0.4267 -0.239 0.431 -0.713
1.47 -32.4 -23.3 -29.3 0.14 -0.01 -0.98 37.425989 -122.151761 6.5 -1.6662 -0.6399 0.0056 -0.241 0.389 -0.729
1.50 -32.4 -23.3 -29.3 0.40 -0.09 -1.14 37.425989 -122.151761 6.5 -1.6400 -0.3385 -0.2502 -0.249 0.345 -0.745
1.54 -32.5 -22.3 -29.9 0.28 0.12 -1.12 37.425989 -122.151761 6.5 -0.9515 -0.2482 0.1885 -0.252 0.305 -0.761
1.57 -32.5 -22.3 -29.9 0.11 0.11 -1.24 37.425989 -122.151761 6.5 -1.3928 0.1161 0.9259 -0.258 0.272 -0.751
1.60 -32.5 -19.5 -30.7 0.38 0.03 -1.51 37.425989 -122.151761 6.5 -2.3293 1.2684 0.1782 -0.242 0.215 -0.748
1.63 -32.5 -19.5 -30.7 0.22 0.08 -1.52 37.425989 -122.151761 6.5 -1.2824 0.2832 1.0428 -0.203 0.133 -0.748
1.66 -33.1 -16.3 -32.6 0.04 0.06 -1.67 37.425989 -122.151761 6.5 -1.2660 0.2809 1.5051 -0.203 0.092 -0.717
1.69 -33.1 -16.3 -32.6 0.25 0.10 -1.67 37.425989 -122.151761 6.5 -1.2737 1.1506 0.7663 -0.184 0.052 -0.696
1.72 -31.0 -12.0 -34.9 -0.00 -0.03 -1.75 37.425989 -122.151761 6.5 -1.3417 1.4897 1.0154 -0.132 0.004 -0.680
1.75 -31.0 -12.0 -34.9 -0.12 -0.00 -1.53 37.425989 -122.151761 6.5 -0.5467 0.6965 1.7330 -0.105 -0.026 -0.642
1.79 -28.6 -9.0 -35.8 0.06 0.09 -1.50 37.425989 -122.151761 6.5 0.1472 0.6308 0.7965 -0.084 -0.029 -0.597
1.82 -28.6 -9.0 -35.8 -0.08 0.02 -1.55 37.425989 -122.151761 6.5 -0.3465 1.0688 1.0079 -0.050 -0.038 -0.572
1.85 -25.4 -4.1 -37.4 -0.25 -0.01 -1.52 37.425989 -122.151761 6.5 -0.3130 1.0192 1.3957 -0.022 -0.049 -0.537
1.88 -25.4 -4.1 -37.4 -0.20 0.07 -1.41 37.425989 -122.151761 6.5 0.0621 0.8021 0.9727 0.005 -0.052 -0.507
1.91 -23.9 -1.2 -39.5 -0.22 0.05 -1.33 37.425989 -122.151761 6.5 0.3097 0.2895 0.9376 0.020 -0.043 -0.475
1.94 -23.9 -1.2 -39.5 -0.22 -0.02 -1.32 37.425989 -122.151761 6.5 -0.0808 0.7029 0.7910 0.034 -0.041 -0.452
1.97 -23.5 -0.2 -40.8 -0.19 -0.02 -1.23 37.425989 -122.151761 6.5 0.4082 0.3665 0.8158 0.064 -0.034 -0.420
2.00 -23.5 -0.2 -40.8 -0.18 0.04 -1.08 37.425989 -122.151761 6.5 0.7741 0.2055 0.8898 0.070 -0.015 -0.398
2.04 -20.4 1.0 -42.3 -0.19 0.05 -1.09 37.425989 -122.151761 6.5 0.4826 0.4988 0.6521 0.079 0.003 -0.380
2.07 -20.4 1.0 -42.3 -0.16 -0.03 -1.17 37.425989 -122.151761 6.5 -0.0501 0.2412 0.7111 0.093 0.010 -0.359
2.10 -19.3 0.7 -42.3 -0.13 -0.04 -1.05 37.425989 -122.151761 6.5 0.4154 -0.5350 1.0523 0.088 0.016 -0.336
2.13 -19.3 0.7 -42.3 -0.17 -0.01 -0.90 37.425989 -122.151761 6.5 1.0315 -0.6902 1.1948 0.067 0.041 -0.306
2.16 -20.9 0.3 -42.9 -0.17 -0.04 -0.96 37.425989 -122.151761 6.5 -0.0817 0.1209 0.6265 0.057 0.064 -0.269
2.19 -20.9 0.3 -42.9 -0.16 -0.09 -1.02 37.425989 -122.151761 6.5 -0.2502 -0.0871 0.6927 0.043 0.058 -0.251
2.22 -21.9 1.8 -44.9 -0.16 -0.11 -1.00 37.425989 -122.151761 11.0 0.1822 -0.7241 0.7350 0.025 0.059 -0.232
2.25 -21.9 1.8 -44.9 -0.16 -0.11 -1.00 37.425989 -122.151761 11.0 0.5815 -0.6575 0.6399 -0.009 0.075 -0.208
2.29 -21.5 2.2 -45.1 -0.18 -0.09 -0.93 37.425989 -122.151761 11.0 0.4581 0.1256 0.4903 -0.017 0.089 -0.193
2.32 -21.5 2.2 -45.1 -0.18 -0.12 -0.93 37.425989 -122.151761 11.0 -0.2469 0.6143 0.4066 -0.007 0.093 -0.174
2.35 -22.7 2.2 -44.1 -0.11 -0.16 -0.99 37.425989 -122.151761 11.0 -0.0918 0.1177 0.4361 -0.004 0.091 -0.163
2.38 -22.7 2.2 -44.1 -0.07 -0.15 -1.01 37.425989 -122.151761 11.0 0.1871 0.0653 0.2554 -0.011 0.100 -0.153
2.41 -23.0 2.8 -43.8 -0.05 -0.13 -0.97 37.425989 -122.151761 11.0 -0.0352 0.3534 0.1146 -0.012 0.108 -0.148
2.44 -23.0 2.8 -43.8 -0.04 -0.11 -0.96 37.425989 -122.151761 11.0 -0.1722 0.6510 0.2463 -0.003 0.106 -0.143
2.47 -21.2 3.0 -44.7 -0.04 -0.14 -0.98 37.425989 -122.151761 11.0 -0.2225 0.6271 0.2482 0.014 0.101 -0.136
2.50 -21.2 3.0 -44.7 0.01 -0.12 -1.00 37.425989 -122.151761 11.0 0.1887 -0.3045 0.1665 0.013 0.102 -0.128
2.54 -20.8 3.1 -45.6 0.03 -0.11 -0.99 37.425989 -122.151761 11.0 0.0956 -0.0224 0.1115 0.009 0.107 -0.125
2.57 -20.8 3.1 -45.6 0.01 -0.09 -0.99 37.425989 -122.151761 11.0 -0.0456 0.2886 0.0681 0.014 0.105 -0.124
2.60 -20.9 3.9 -45.7 0.01 -0.10 -1.03 37.425989 -122.151761 11.0 -0.0235 0.0514 0.1439 0.019 0.102 -0.119
2.63 -20.9 3.9 -45.7 0.03 -0.09 -1.07 37.425989 -122.151761 11.0 0.1442 0.1092 0.1324 0.021 0.103 -0.117
