iPhone Sensor Log from Crossbow started at Dec 4, 2011 11:08:58 PM Pacific Standard Time.
ElapsedTime(s) xMag(uT) yMag(uT) zMag(uT) xAccel(g) yAccel(g) zAccel(g) latitude(deg) longitude(deg) altitude(m) xRate(rad/sec) yRate(rad/sec) zRate(rad/sec) roll(rad) pitch(rad) yaw(rad)
0.03 -4.5 -1.8 -50.1 -0.08 -0.02 -0.78 (null) (null) (null) -0.0342 0.0320 -0.0062 -0.005 0.030 -0.210
0.06 -3.4 -1.3 -49.5 -0.05 -0.02 -1.05 (null) (null) (null) -0.4443 0.0064 -0.1279 -0.009 0.016 -0.212
0.10 -3.4 -1.3 -49.5 0.01 0.01 -1.13 (null) (null) (null) -0.1235 0.1530 -0.1284 -0.007 0.009 -0.216
0.13 -3.8 -0.6 -49.5 0.10 0.06 -1.16 (null) (null) (null) 0.0272 0.0943 -0.2874 -0.003 0.009 -0.222
0.16 -3.8 -0.6 -49.5 0.14 0.04 -1.20 (null) (null) (null) 0.0176 -0.0466 -0.2662 -0.003 0.011 -0.230
0.19 -3.4 -0.4 -50.2 0.16 -0.04 -1.33 (null) (null) (null) -0.1546 0.1038 -0.1881 -0.003 0.007 -0.238
0.22 -3.4 -0.4 -50.2 0.13 -0.02 -1.38 (null) (null) (null) -0.1943 -0.1173 -0.2048 -0.001 0.001 -0.245
0.25 -3.3 -0.6 -50.4 0.09 0.02 -1.42 (null) (null) (null) -0.1867 -0.4085 -0.2282 -0.011 -0.004 -0.251
0.28 -3.3 -0.6 -50.4 0.17 0.01 -1.36 (null) (null) (null) -0.2262 -0.4888 -0.2698 -0.024 -0.009 -0.259
0.31 -4.5 -0.1 -49.9 0.12 0.05 -1.44 (null) (null) (null) -0.3760 -0.6126 -0.0820 -0.039 -0.018 -0.264
0.35 -4.5 -0.1 -49.9 0.02 0.07 -1.34 (null) (null) (null) -0.0847 -0.6237 0.0217 -0.063 -0.027 -0.266
0.38 -4.8 0.1 -49.5 0.00 0.06 -1.33 (null) (null) (null) -0.1204 -0.7075 -0.0463 -0.081 -0.028 -0.266
0.41 -4.8 0.1 -49.5 0.00 0.08 -1.29 (null) (null) (null) 0.0225 -0.6003 -0.0611 -0.100 -0.030 -0.269
0.44 -6.2 0.9 -49.9 -0.07 0.11 -1.14 (null) (null) (null) 0.2638 -0.5342 -0.0192 -0.119 -0.023 -0.269
0.47 -6.2 0.9 -49.9 -0.01 0.04 -1.18 (null) (null) (null) 0.4096 -0.3040 -0.0864 -0.137 -0.010 -0.271
0.50 -7.2 1.8 -49.3 -0.13 0.04 -0.84 (null) (null) (null) 0.8310 0.4247 0.0322 -0.133 0.009 -0.268
0.53 -7.2 1.8 -49.3 -0.15 -0.01 -0.83 (null) (null) (null) 0.4010 0.9469 -0.0496 -0.112 0.026 -0.266
0.56 -6.9 0.4 -48.7 -0.11 -0.06 -0.94 (null) (null) (null) -0.0704 0.4304 -0.0592 -0.088 0.028 -0.268
0.60 -6.9 0.4 -48.7 -0.20 -0.06 -0.78 (null) (null) (null) 0.1938 0.5265 -0.0522 -0.076 0.032 -0.269
0.63 -4.5 -1.3 -47.6 -0.18 -0.10 -0.93 (null) (null) (null) -0.0232 0.0975 -0.2227 -0.069 0.036 -0.273
0.66 -4.5 -1.3 -47.6 -0.24 -0.09 -0.85 (null) (null) (null) 0.2105 -0.0979 -0.3112 -0.076 0.041 -0.280
0.69 -4.0 -1.3 -46.9 -0.18 -0.09 -0.72 (null) (null) (null) 0.2668 -0.2170 -0.5565 -0.079 0.060 -0.298
0.72 -4.0 -1.3 -46.9 -0.10 -0.08 -0.80 (null) (null) (null) 0.1827 -0.0624 -0.5395 -0.083 0.067 -0.313
0.75 -4.1 -1.9 -46.8 -0.10 -0.06 -0.77 (null) (null) (null) 0.2985 0.0006 -0.3729 -0.083 0.075 -0.325
0.78 -4.1 -1.9 -46.8 -0.15 -0.07 -0.78 (null) (null) (null) 0.4134 0.5100 -0.2510 -0.074 0.086 -0.332
0.81 -3.3 -2.8 -46.3 -0.14 -0.06 -0.76 (null) (null) (null) 0.4121 0.3141 -0.3254 -0.056 0.103 -0.341
0.85 -3.3 -2.8 -46.3 -0.04 -0.08 -0.74 (null) (null) (null) 0.4028 0.0430 -0.4066 -0.051 0.115 -0.351
0.88 -1.8 -3.6 -45.4 0.01 -0.11 -0.65 (null) (null) (null) 0.5339 0.2469 -0.3440 -0.047 0.129 -0.362
0.91 -1.8 -3.6 -45.4 -0.03 -0.11 -0.57 (null) (null) (null) 0.5761 0.3369 -0.1405 -0.039 0.145 -0.367
0.94 -1.4 -4.0 -45.1 0.02 -0.15 -0.54 (null) (null) (null) 0.2867 0.4304 -0.1187 -0.016 0.166 -0.374
0.97 -1.4 -4.0 -45.1 0.10 -0.15 -0.59 (null) (null) (null) 0.1134 0.2156 -0.0252 -0.007 0.171 -0.376
1.00 0.2 -4.9 -43.1 0.12 -0.13 -0.57 (null) (null) (null) 0.0865 0.4352 0.1307 -0.000 0.174 -0.374
1.03 0.2 -4.9 -43.1 0.12 -0.08 -0.64 (null) (null) (null) -0.0753 0.4222 0.2338 0.012 0.175 -0.369
1.06 1.7 -4.6 -43.2 0.14 -0.11 -0.80 (null) (null) (null) -0.3027 0.3849 0.3093 0.021 0.169 -0.361
1.10 1.7 -4.6 -43.2 0.13 -0.13 -0.78 (null) (null) (null) -0.0935 0.2731 0.4663 0.032 0.162 -0.346
1.13 3.9 -4.4 -42.8 0.08 -0.11 -0.67 (null) (null) (null) 0.0139 0.1652 0.4756 0.035 0.162 -0.332
1.16 3.9 -4.4 -42.8 0.10 -0.14 -0.75 (null) (null) (null) -0.1890 0.3500 0.4609 0.039 0.160 -0.320
1.19 5.0 -5.0 -43.6 0.05 -0.07 -0.62 (null) (null) (null) -0.1169 0.3829 0.6289 0.048 0.156 -0.297
1.22 5.0 -5.0 -43.6 0.12 -0.10 -0.72 (null) (null) (null) -0.5010 0.3252 0.4978 0.060 0.146 -0.276
1.25 4.1 -4.7 -45.7 0.16 -0.13 -0.72 (null) (null) (null) -0.4616 0.3172 0.5616 0.065 0.132 -0.260
1.28 4.1 -4.7 -45.7 0.04 0.02 -0.61 (null) (null) (null) -0.3192 0.3398 0.7669 0.073 0.125 -0.241
1.31 5.6 -3.0 -46.6 0.07 -0.02 -0.89 (null) (null) (null) -0.8809 0.3646 0.7755 0.080 0.110 -0.217
1.35 5.6 -3.0 -46.6 0.08 0.01 -0.85 (null) (null) (null) -0.7370 0.2927 0.6886 0.088 0.076 -0.187
1.38 6.9 -1.6 -47.5 0.15 0.01 -0.79 (null) (null) (null) -0.5144 -0.1774 0.5645 0.085 0.063 -0.168
1.41 6.9 -1.6 -47.5 0.08 0.01 -0.88 (null) (null) (null) -0.6442 0.0772 0.6432 0.080 0.049 -0.150
1.44 7.4 0.8 -48.0 0.05 0.12 -1.14 (null) (null) (null) -0.9446 0.0644 0.6056 0.089 0.019 -0.122
1.47 7.4 0.8 -48.0 0.09 0.10 -1.25 (null) (null) (null) -0.9014 0.0026 0.5545 0.085 -0.015 -0.100
1.50 7.7 1.8 -48.3 -0.07 0.14 -1.24 (null) (null) (null) -0.4855 -0.0303 0.5985 0.088 -0.031 -0.082
1.53 7.7 1.8 -48.3 0.07 0.12 -1.23 (null) (null) (null) -0.3967 -0.3546 0.3233 0.081 -0.042 -0.069
1.56 7.7 3.0 -49.6 -0.00 0.07 -1.11 (null) (null) (null) -0.1987 -0.1849 0.3297 0.073 -0.049 -0.060
1.60 7.7 3.0 -49.6 -0.05 0.03 -1.24 (null) (null) (null) -0.2599 0.6611 0.5441 0.084 -0.054 -0.041
1.63 7.4 3.8 -50.1 0.06 0.04 -1.16 (null) (null) (null) -0.2395 0.2708 0.3509 0.099 -0.061 -0.028
1.66 7.4 3.8 -50.1 0.07 0.07 -1.28 (null) (null) (null) -0.2868 -0.4052 0.3058 0.094 -0.065 -0.019
1.69 8.2 4.4 -50.9 -0.08 0.10 -1.17 (null) (null) (null) -0.0917 0.0679 0.6188 0.089 -0.073 -0.000
1.72 8.2 4.4 -50.9 -0.09 0.07 -1.17 (null) (null) (null) 0.0677 -0.0481 0.5238 0.089 -0.069 0.022
1.75 8.2 4.3 -51.5 0.02 0.08 -1.33 (null) (null) (null) -0.1978 -0.0452 0.4309 0.088 -0.070 0.035
1.78 8.2 4.3 -51.5 -0.13 0.12 -1.21 (null) (null) (null) -0.1377 -0.1497 0.5325 0.086 -0.074 0.048
1.81 8.5 3.6 -52.1 -0.07 0.14 -1.17 (null) (null) (null) -0.1447 -0.2586 0.3483 0.082 -0.076 0.061
1.85 8.5 3.6 -52.1 -0.15 0.16 -1.16 (null) (null) (null) -0.0271 -0.1205 0.3740 0.072 -0.078 0.073
1.88 9.3 4.0 -53.0 -0.09 0.14 -1.08 (null) (null) (null) 0.0050 0.1041 0.2454 0.076 -0.078 0.081
1.91 9.3 4.0 -53.0 -0.10 0.11 -1.03 (null) (null) (null) 0.1418 -0.1362 0.1739 0.051 -0.082 0.085
1.94 9.3 3.9 -52.8 -0.22 0.17 -1.05 (null) (null) (null) 0.0427 0.0338 0.1679 0.030 -0.083 0.088
1.97 9.3 3.9 -52.8 -0.17 0.13 -1.05 (null) (null) (null) 0.0696 0.1307 0.0869 0.003 -0.089 0.094
2.00 9.2 3.5 -52.9 -0.18 0.10 -1.06 (null) (null) (null) 0.0973 0.0783 0.0405 -0.013 -0.088 0.093
2.03 9.2 3.5 -52.9 -0.17 0.13 -1.06 (null) (null) (null) 0.2456 0.2691 -0.0301 -0.020 -0.083 0.092
2.07 8.7 3.1 -52.6 -0.22 0.10 -1.07 (null) (null) (null) 0.3233 0.1049 -0.0098 -0.027 -0.077 0.091
2.10 8.7 3.1 -52.6 -0.22 0.10 -1.07 (null) (null) (null) 0.3819 0.0753 -0.1620 -0.031 -0.064 0.089
2.13 8.2 1.8 -53.0 -0.14 0.09 -1.09 (null) (null) (null) 0.4821 -0.1570 -0.4197 -0.035 -0.053 0.080
2.16 8.2 1.8 -53.0 -0.12 0.11 -1.01 (null) (null) (null) 0.6008 -0.2491 -0.2857 -0.048 -0.039 0.070
2.19 7.2 1.1 -53.1 -0.20 0.04 -0.95 (null) (null) (null) 0.5364 -0.1471 -0.5109 -0.051 -0.015 0.057
2.22 7.2 1.1 -53.1 -0.10 -0.02 -0.96 (null) (null) (null) 0.2456 -0.6590 -0.7182 -0.072 0.000 0.034
2.25 5.3 -0.1 -52.3 -0.13 -0.02 -0.96 (null) (null) (null) 0.3089 -0.4866 -0.5980 -0.088 0.010 0.016
2.28 5.3 -0.1 -52.3 -0.21 0.01 -0.97 (null) (null) (null) 0.2921 -0.2827 -0.7745 -0.100 0.020 -0.002
2.31 4.5 -0.6 -51.7 -0.04 -0.05 -0.92 (null) (null) (null) 0.2582 -0.2831 -0.9882 -0.107 0.031 -0.026
2.35 4.5 -0.6 -51.7 0.06 -0.09 -0.92 (null) (null) (null) 0.1324 -0.3566 -0.7347 -0.119 0.041 -0.058
2.38 3.4 -1.9 -51.2 -0.12 0.01 -0.89 (null) (null) (null) 0.0299 -0.5458 -0.6436 -0.132 0.046 -0.074
2.41 3.4 -1.9 -51.2 0.05 -0.06 -0.98 (null) (null) (null) -0.1423 -0.7131 -0.9189 -0.145 0.047 -0.098
2.44 1.9 -2.5 -51.2 0.12 -0.04 -0.99 (null) (null) (null) -0.0633 -0.6552 -0.7331 -0.162 0.048 -0.121
2.47 1.9 -2.5 -51.2 -0.01 0.01 -0.90 (null) (null) (null) 0.0459 -0.1301 -0.3544 -0.170 0.055 -0.143
2.50 0.3 -1.9 -51.8 0.09 -0.10 -1.00 (null) (null) (null) 0.0859 -0.0500 -0.5301 -0.143 0.064 -0.159
2.53 0.3 -1.9 -51.8 0.21 -0.15 -1.03 (null) (null) (null) 0.1558 -0.3417 -0.2594 -0.130 0.073 -0.171
2.56 -1.7 -1.6 -52.6 0.01 -0.02 -0.89 (null) (null) (null) 0.2700 -0.4278 0.1326 -0.134 0.081 -0.171
2.60 -1.7 -1.6 -52.6 0.10 -0.07 -0.90 (null) (null) (null) -0.0018 0.3733 -0.3408 -0.121 0.087 -0.175
2.63 -2.3 -1.6 -52.3 0.29 -0.11 -1.09 (null) (null) (null) -0.0840 0.2452 -0.1781 -0.109 0.086 -0.183
2.66 -2.3 -1.6 -52.3 0.04 0.02 -1.06 (null) (null) (null) 0.0523 -0.0473 0.1552 -0.088 0.076 -0.184
2.69 -2.7 -1.0 -53.2 0.23 -0.05 -1.10 (null) (null) (null) 0.0961 0.0065 -0.2256 -0.078 0.078 -0.185
2.72 -2.7 -1.0 -53.2 0.24 -0.06 -1.10 (null) (null) (null) 0.0161 -0.1623 -0.0518 -0.076 0.080 -0.194
2.75 -4.1 -0.6 -54.2 0.07 -0.00 -1.14 (null) (null) (null) 0.1665 0.0943 0.0777 -0.071 0.080 -0.193
2.78 -4.1 -0.6 -54.2 0.19 -0.08 -0.98 (null) (null) (null) 0.3218 0.2862 -0.1801 -0.047 0.088 -0.196
2.81 -4.9 -1.5 -54.2 0.19 -0.09 -1.01 (null) (null) (null) 0.1279 0.1954 -0.0502 -0.026 0.094 -0.201
2.85 -4.9 -1.5 -54.2 0.08 -0.06 -0.99 (null) (null) (null) 0.0863 0.3026 0.0595 -0.005 0.095 -0.200
2.88 -4.6 -2.4 -54.1 0.11 -0.09 -1.02 (null) (null) (null) 0.1340 0.1179 -0.0629 0.012 0.097 -0.202
2.91 -4.6 -2.4 -54.1 0.14 -0.10 -0.97 (null) (null) (null) 0.2384 -0.2072 0.0088 0.016 0.103 -0.204
