iPhone Sensor Log from Crossbow started at Dec 4, 2011 11:02:56 PM Pacific Standard Time.
ElapsedTime(s) xMag(uT) yMag(uT) zMag(uT) xAccel(g) yAccel(g) zAccel(g) latitude(deg) longitude(deg) altitude(m) xRate(rad/sec) yRate(rad/sec) zRate(rad/sec) roll(rad) pitch(rad) yaw(rad)
0.03 -8.7 1.2 -50.0 -0.11 -0.05 -0.88 0 0 0 -0.2362 -0.0494 -0.0709 -0.099 0.047 -0.753
0.06 -8.7 1.2 -50.0 -0.08 -0.02 -1.11 0 0 0 -0.3599 -0.1649 -0.0799 -0.105 0.037 -0.755
0.10 -9.5 1.1 -49.9 -0.11 0.03 -1.12 0 0 0 0.0303 0.1697 -0.0718 -0.104 0.033 -0.758
0.13 -9.5 1.1 -49.9 -0.08 0.02 -1.03 0 0 0 0.0980 0.0614 -0.1935 -0.099 0.036 -0.761
0.16 -9.4 0.9 -48.9 0.03 -0.02 -1.25 0 0 0 -0.4646 -0.1013 -0.2881 -0.105 0.025 -0.772
0.19 -9.4 0.9 -48.9 0.00 -0.05 -1.37 0 0 0 -0.2756 0.3477 -0.1538 -0.100 0.016 -0.778
0.22 -8.5 1.9 -48.4 0.04 -0.05 -1.42 0 0 0 -0.0972 0.2415 -0.1601 -0.091 0.012 -0.783
0.25 -8.5 1.9 -48.4 -0.03 0.00 -1.45 0 0 0 -0.1154 -0.1453 -0.1013 -0.091 0.010 -0.787
0.28 -8.4 3.0 -49.3 0.05 -0.07 -1.52 0 0 0 0.0529 0.3894 -0.0971 -0.088 0.011 -0.790
0.31 -8.4 3.0 -49.3 -0.04 -0.04 -1.50 0 0 0 0.1484 0.5513 -0.0116 -0.075 0.014 -0.790
0.35 -6.8 2.7 -49.9 0.05 -0.02 -1.45 0 0 0 0.1262 0.1989 -0.1019 -0.065 0.017 -0.793
0.38 -6.8 2.7 -49.9 0.19 -0.10 -1.34 0 0 0 0.3113 0.2002 -0.1868 -0.061 0.025 -0.796
0.41 -4.4 2.0 -50.8 0.25 -0.05 -1.34 0 0 0 0.2321 0.1317 0.0199 -0.051 0.035 -0.801
0.44 -4.4 2.0 -50.8 0.08 -0.01 -1.32 0 0 0 0.3134 0.0264 0.4012 -0.051 0.041 -0.794
0.47 -3.7 0.7 -50.5 0.03 -0.01 -0.85 0 0 0 0.9903 0.4261 0.4022 -0.043 0.062 -0.780
0.50 -3.7 0.7 -50.5 0.12 -0.12 -0.87 0 0 0 0.7235 -0.3445 0.2732 -0.046 0.087 -0.770
0.53 -1.5 -1.3 -49.0 -0.07 -0.09 -0.89 0 0 0 0.2616 -0.1278 0.5881 -0.063 0.102 -0.753
0.56 -1.5 -1.3 -49.0 -0.33 -0.08 -0.72 0 0 0 0.6363 0.5766 0.4931 -0.054 0.116 -0.736
0.60 -0.9 -2.2 -48.4 -0.24 -0.10 -0.57 0 0 0 0.3234 -0.1995 0.0005 -0.051 0.129 -0.729
0.63 -0.9 -2.2 -48.4 -0.01 -0.07 -0.60 0 0 0 0.0853 -0.3506 -0.2846 -0.061 0.135 -0.735
0.66 -1.0 -3.4 -47.1 -0.13 0.05 -0.66 0 0 0 -0.0521 0.3018 0.1793 -0.065 0.133 -0.737
0.69 -1.0 -3.4 -47.1 -0.15 0.05 -0.65 0 0 0 0.0078 0.3655 0.1982 -0.054 0.132 -0.730
0.72 -0.7 -3.0 -46.1 -0.11 -0.03 -0.65 0 0 0 0.0948 0.1893 0.0482 -0.049 0.134 -0.727
0.75 -0.7 -3.0 -46.1 -0.16 -0.07 -0.54 0 0 0 0.1840 0.1136 0.1856 -0.046 0.138 -0.724
0.78 -1.0 -2.5 -45.5 -0.18 -0.13 -0.51 0 0 0 0.2749 0.4962 0.1546 -0.029 0.152 -0.714
0.81 -1.0 -2.5 -45.5 -0.02 -0.19 -0.55 0 0 0 0.1440 0.3233 -0.0234 -0.018 0.158 -0.712
0.85 -0.5 -2.5 -45.2 0.02 -0.20 -0.46 0 0 0 0.2373 0.2834 0.0610 -0.011 0.163 -0.712
0.88 -0.5 -2.5 -45.2 0.00 -0.15 -0.47 0 0 0 0.1711 0.5326 0.2467 0.000 0.169 -0.707
0.91 1.6 -3.1 -45.1 0.10 -0.18 -0.74 0 0 0 -0.2754 0.3422 0.3888 0.014 0.167 -0.694
0.94 1.6 -3.1 -45.1 0.05 -0.10 -0.77 0 0 0 -0.3013 0.3362 0.5677 0.021 0.158 -0.681
0.97 3.2 -3.9 -44.9 -0.00 -0.06 -0.56 0 0 0 0.3083 0.9086 0.6527 0.035 0.160 -0.662
1.00 3.2 -3.9 -44.9 0.21 -0.19 -0.53 0 0 0 0.1952 0.8982 0.4617 0.062 0.169 -0.647
1.03 4.0 -3.9 -45.1 0.21 -0.15 -0.56 0 0 0 -0.5190 0.2702 0.5294 0.079 0.161 -0.629
1.06 4.0 -3.9 -45.1 0.04 -0.02 -0.60 0 0 0 -0.6504 0.5942 0.8225 0.088 0.148 -0.608
1.10 6.4 -4.1 -46.5 -0.00 0.00 -0.84 0 0 0 -0.9990 0.7303 0.8548 0.105 0.127 -0.581
1.13 6.4 -4.1 -46.5 0.07 0.02 -0.78 0 0 0 -1.0125 0.1022 0.6569 0.112 0.100 -0.557
1.16 7.8 -2.6 -46.9 0.09 -0.01 -0.74 0 0 0 -0.6266 0.2026 0.5536 0.109 0.074 -0.532
1.19 7.8 -2.6 -46.9 0.02 0.04 -0.80 0 0 0 -0.5742 0.2161 0.6052 0.115 0.061 -0.514
1.22 8.6 -0.1 -47.3 0.13 0.01 -1.05 0 0 0 -0.8354 -0.0340 0.5608 0.115 0.043 -0.496
1.25 8.6 -0.1 -47.3 0.13 0.01 -1.05 0 0 0 -0.8192 0.2658 0.5686 0.117 0.021 -0.478
1.28 8.3 1.1 -48.8 -0.01 0.05 -1.07 0 0 0 -0.4558 0.5022 0.5568 0.135 -0.001 -0.446
1.31 8.3 1.1 -48.8 0.11 0.05 -1.04 0 0 0 -0.5925 0.1800 0.3762 0.143 -0.015 -0.431
1.35 9.0 3.7 -49.9 0.19 0.09 -1.05 0 0 0 -0.3240 0.4099 0.3991 0.151 -0.026 -0.418
1.38 9.0 3.7 -49.9 0.16 0.11 -0.97 0 0 0 -0.3709 0.0932 0.3998 0.159 -0.038 -0.406
1.41 9.9 4.2 -49.6 0.11 0.08 -1.14 0 0 0 -0.9154 0.1027 0.4434 0.158 -0.063 -0.386
1.44 9.9 4.2 -49.6 0.02 0.03 -1.34 0 0 0 -0.7849 0.1477 0.3893 0.163 -0.085 -0.369
1.47 10.7 5.4 -48.9 0.06 0.01 -1.54 0 0 0 -0.7203 -0.9275 0.1979 0.152 -0.103 -0.359
1.50 10.7 5.4 -48.9 0.12 0.15 -1.63 0 0 0 -0.4364 -1.1368 0.2404 0.120 -0.119 -0.351
1.53 8.4 6.7 -48.8 -0.03 0.20 -1.51 0 0 0 0.2018 -0.4926 0.2998 0.086 -0.119 -0.335
1.56 8.4 6.7 -48.8 -0.03 0.14 -1.38 0 0 0 0.2425 -0.1879 0.2344 0.078 -0.112 -0.329
1.60 4.0 6.7 -49.6 -0.05 0.14 -1.18 0 0 0 0.2771 0.0653 0.1957 0.078 -0.103 -0.324
1.63 4.0 6.7 -49.6 -0.05 0.13 -1.14 0 0 0 0.0223 -0.0200 0.1910 0.078 -0.099 -0.319
1.66 -0.5 6.0 -51.3 -0.11 0.16 -1.21 0 0 0 -0.0229 0.1671 0.1178 0.081 -0.099 -0.313
1.69 -0.5 6.0 -51.3 -0.16 0.16 -1.18 0 0 0 0.1516 0.1444 0.1266 0.085 -0.096 -0.309
1.72 -0.8 5.5 -52.1 -0.28 0.17 -1.08 0 0 0 0.3212 -0.0598 0.0717 0.066 -0.092 -0.309
1.75 -0.8 5.5 -52.1 -0.21 0.13 -0.98 0 0 0 0.3248 -0.1053 -0.1153 0.031 -0.087 -0.313
1.78 -1.7 5.2 -50.5 -0.22 0.09 -0.92 0 0 0 0.2444 0.2773 -0.2138 -0.006 -0.077 -0.322
1.81 -1.7 5.2 -50.5 -0.27 0.11 -1.06 0 0 0 0.1339 -0.0160 -0.3214 -0.031 -0.072 -0.333
1.85 -0.7 4.9 -47.3 -0.23 0.07 -0.96 0 0 0 0.4115 -0.3496 -0.4222 -0.051 -0.061 -0.345
1.88 -0.7 4.9 -47.3 -0.26 0.09 -0.89 0 0 0 0.3166 -0.4016 -0.4688 -0.066 -0.050 -0.357
1.91 5.5 4.2 -42.6 -0.14 0.07 -1.02 0 0 0 0.1899 -0.0554 -0.7292 -0.077 -0.041 -0.379
1.94 5.5 4.2 -42.6 -0.12 0.06 -1.05 0 0 0 0.2285 -0.6006 -0.6754 -0.088 -0.034 -0.398
1.97 8.7 4.0 -44.2 -0.15 0.12 -0.91 0 0 0 0.4061 -0.5182 -0.7261 -0.107 -0.023 -0.415
2.00 8.7 4.0 -44.2 0.07 0.04 -1.07 0 0 0 0.1566 -0.2587 -0.9789 -0.117 -0.012 -0.439
2.03 7.5 4.0 -50.2 -0.10 0.12 -1.02 0 0 0 0.2907 -0.2146 -0.6693 -0.128 -0.002 -0.477
2.06 7.5 4.0 -50.2 -0.04 0.09 -0.90 0 0 0 0.2542 -0.2605 -1.0424 -0.134 0.010 -0.499
2.10 4.3 3.3 -51.6 0.23 -0.01 -0.93 0 0 0 -0.0483 -0.3426 -1.0963 -0.143 0.016 -0.530
2.13 4.3 3.3 -51.6 0.13 0.00 -0.97 0 0 0 -0.0868 0.0216 -0.5920 -0.146 0.017 -0.554
2.16 2.2 2.6 -52.3 -0.04 0.09 -1.08 0 0 0 0.0827 0.5900 -0.3204 -0.121 0.002 -0.564
2.19 2.2 2.6 -52.3 0.33 0.00 -0.97 0 0 0 0.1374 -0.4415 -0.9418 -0.112 0.007 -0.584
2.22 0.7 4.4 -53.7 0.31 -0.03 -0.98 0 0 0 0.0151 -1.0521 -0.6573 -0.132 0.012 -0.606
2.25 0.7 4.4 -53.7 0.23 -0.00 -1.01 0 0 0 0.0172 -0.3822 -0.4022 -0.150 0.014 -0.619
2.28 -1.6 5.7 -55.1 0.35 -0.05 -0.99 0 0 0 0.0768 -0.1252 -0.5585 -0.101 0.021 -0.635
2.31 -1.6 5.7 -55.1 0.36 -0.07 -0.95 0 0 0 -0.0278 -0.3180 -0.3942 -0.086 0.027 -0.654
2.35 -5.6 4.4 -54.0 0.17 0.01 -1.04 0 0 0 -0.1554 -0.2937 -0.1917 -0.075 0.025 -0.659
2.38 -5.6 4.4 -54.0 0.26 -0.06 -0.91 0 0 0 0.0841 0.0112 -0.2100 -0.070 0.023 -0.665
2.41 -5.5 3.5 -52.0 0.13 -0.07 -0.95 0 0 0 0.0204 0.1934 -0.1272 -0.036 0.033 -0.674
2.44 -5.5 3.5 -52.0 0.04 -0.04 -1.11 0 0 0 -0.1608 -0.0119 -0.0638 -0.026 0.032 -0.677
2.47 -5.6 2.5 -50.6 0.10 -0.03 -0.77 0 0 0 0.1680 -0.1111 -0.1203 -0.022 0.034 -0.679
