iPhone Sensor Log from Crossbow started at Nov 18, 2011 1:58:27 Pacific Standard Time.
ElapsedTime(s) xMag(uT) yMag(uT) zMag(uT) xAccel(g) yAccel(g) zAccel(g) latitude(deg) longitude(deg) altitude(m) xRate(rad/sec) yRate(rad/sec) zRate(rad/sec) roll(rad) pitch(rad) yaw(rad)
0.04 -19.8 2.9 -43.1 0.07 -0.07 -1.00 37.425048 -122.170808 44.8 -0.0699 -0.0181 0.1360 0.083 0.074 -2.165
0.07 -19.8 2.9 -43.1 0.05 -0.09 -1.02 37.425048 -122.170808 44.8 0.0514 0.0842 -0.0511 0.080 0.076 -2.162
0.10 -19.6 3.1 -41.7 0.07 -0.11 -0.94 37.425048 -122.170808 44.8 -0.2492 -0.1915 -0.1854 0.079 0.074 -2.166
0.13 -19.6 3.1 -41.7 0.04 -0.05 -1.03 37.425048 -122.170808 44.8 -0.6334 -0.6561 -0.2061 0.065 0.060 -2.171
0.16 -19.3 4.1 -41.7 0.01 0.01 -1.11 37.425048 -122.170808 44.8 -0.6231 -0.1645 -0.2205 0.050 0.035 -2.178
0.19 -19.3 4.1 -41.7 0.07 -0.04 -1.03 37.425048 -122.170808 44.8 -0.2077 0.0438 0.0561 0.050 0.025 -2.179
0.22 -19.6 4.6 -41.8 0.04 -0.03 -1.04 37.425048 -122.170808 44.8 -0.1829 -0.1409 0.0133 0.048 0.021 -2.177
0.26 -19.6 4.6 -41.8 -0.01 -0.03 -1.03 37.425048 -122.170808 44.8 -0.1050 -0.0810 -0.0422 0.041 0.017 -2.179
0.29 -20.7 6.0 -42.6 0.03 -0.03 -1.04 37.425048 -122.170808 44.8 -0.0853 -0.1334 -0.1621 0.037 0.015 -2.182
0.32 -20.7 6.0 -42.6 0.06 0.00 -1.00 37.425048 -122.170808 44.8 -0.1034 -0.1216 -0.1299 0.033 0.012 -2.187
0.35 -21.1 6.3 -41.7 -0.01 -0.04 -1.02 37.425048 -122.170808 44.8 -0.2065 0.0865 0.0072 0.032 0.009 -2.188
0.38 -21.1 6.3 -41.7 0.00 -0.02 -1.08 37.425048 -122.170808 44.8 -0.2907 -0.0833 -0.0630 0.030 0.001 -2.188
0.41 -20.6 5.9 -40.6 0.06 0.01 -1.11 37.425048 -122.170808 44.8 -0.0948 -0.1464 -0.1677 0.025 -0.002 -2.193
0.44 -20.6 5.9 -40.6 -0.00 -0.04 -1.24 37.425048 -122.170808 44.8 -0.4011 0.3281 0.2194 0.035 -0.012 -2.188
0.47 -20.5 6.7 -40.8 -0.13 -0.07 -1.36 37.425048 -122.170808 44.8 -0.4224 -0.2831 0.4365 0.034 -0.023 -2.179
0.51 -20.5 6.7 -40.8 -0.21 -0.12 -1.66 37.425048 -122.170808 44.8 -0.7026 -0.3946 0.4591 0.025 -0.038 -2.165
0.54 -21.0 9.0 -40.0 -0.31 -0.16 -1.81 37.425048 -122.170808 44.8 -0.3536 -0.2132 0.5701 0.012 -0.059 -2.150
0.57 -21.0 9.0 -40.0 -0.43 -0.19 -1.93 37.425048 -122.170808 44.8 -0.2112 -0.1023 0.5276 0.012 -0.066 -2.136
0.60 -20.6 9.3 -39.8 -0.47 -0.04 -1.70 37.425048 -122.170808 44.8 0.1653 0.0495 0.3265 -0.000 -0.058 -2.119
0.63 -20.6 9.3 -39.8 -0.40 0.08 -1.49 37.425048 -122.170808 44.8 0.1112 0.2864 0.1347 0.007 -0.057 -2.113
0.66 -21.4 8.8 -37.9 -0.29 0.19 -1.35 37.425048 -122.170808 44.8 0.4936 0.0662 -0.0032 0.012 -0.047 -2.112
0.69 -21.4 8.8 -37.9 -0.00 0.25 -1.08 37.425048 -122.170808 44.8 0.6802 0.1550 -0.3340 0.014 -0.028 -2.118
0.72 -21.8 8.5 -39.1 0.02 0.24 -1.01 37.425048 -122.170808 46.5 0.6431 -0.0120 -0.1721 0.014 -0.010 -2.125
0.76 -21.8 8.5 -39.1 0.16 0.26 -0.66 37.425048 -122.170808 46.5 1.1905 0.1317 -0.5509 0.017 0.013 -2.136
0.79 -21.7 6.6 -40.8 0.44 0.22 -0.42 37.425048 -122.170808 46.5 1.2452 0.0297 -1.0088 0.017 0.073 -2.173
0.82 -21.7 6.6 -40.8 0.36 0.22 -0.31 37.425048 -122.170808 46.5 1.0470 0.1846 -0.7133 0.023 0.101 -2.197
0.85 -20.8 1.6 -41.5 0.44 0.13 -0.18 37.425048 -122.170808 46.5 1.1199 0.2311 -0.6954 0.031 0.130 -2.216
0.88 -20.8 1.6 -41.5 0.31 -0.01 -0.26 37.425048 -122.170808 46.5 0.7440 -0.5256 -0.3864 0.026 0.162 -2.237
0.91 -21.1 -1.2 -42.0 0.16 -0.11 -0.30 37.425048 -122.170808 46.5 0.5512 -0.2800 -0.0126 0.015 0.178 -2.241
0.94 -21.1 -1.2 -42.0 -0.00 -0.15 -0.38 37.425048 -122.170808 46.5 0.1477 -0.1794 0.1184 0.010 0.191 -2.239
0.97 -22.2 -2.9 -42.4 -0.03 -0.16 -0.37 37.425048 -122.170808 46.5 0.2007 -0.2664 0.1117 0.002 0.195 -2.236
1.01 -22.2 -2.9 -42.4 -0.15 -0.09 -0.21 37.425048 -122.170808 46.5 0.5402 -0.0473 0.1572 -0.004 0.206 -2.233
1.04 -22.8 -3.8 -41.7 -0.27 -0.10 -0.27 37.425048 -122.170808 46.5 -0.0744 0.3577 0.0044 0.001 0.213 -2.231
1.07 -22.8 -3.8 -41.7 -0.21 -0.19 -0.34 37.425048 -122.170808 46.5 -0.1010 0.2863 0.1354 0.011 0.206 -2.230
1.10 -22.7 -4.3 -42.1 -0.21 -0.19 -0.34 37.425048 -122.170808 46.5 -0.2576 0.4384 -0.1368 0.021 0.201 -2.229
1.13 -22.7 -4.3 -42.1 -0.27 0.00 -0.39 37.425048 -122.170808 46.5 0.4196 -0.4659 -0.2332 0.026 0.209 -2.241
1.16 -22.6 -4.1 -42.2 -0.24 0.02 -0.60 37.425048 -122.170808 46.5 -0.5584 -0.8424 -0.2287 0.007 0.204 -2.249
1.19 -22.6 -4.1 -42.2 -0.26 -0.04 -0.87 37.425048 -122.170808 46.5 -0.2337 -0.5482 -0.1381 -0.007 0.192 -2.254
1.22 -23.7 -3.8 -41.6 -0.45 0.10 -0.61 37.425048 -122.170808 46.5 0.2404 -1.0694 0.2274 -0.050 0.204 -2.247
1.26 -23.7 -3.8 -41.6 -0.31 -0.07 -1.23 37.425048 -122.170808 46.5 -1.6358 -0.3056 -0.4641 -0.064 0.175 -2.256
1.29 -25.4 -3.0 -40.1 -0.56 0.05 -1.21 37.425048 -122.170808 46.5 -0.8894 -0.8871 -0.1223 -0.088 0.140 -2.266
1.32 -25.4 -3.0 -40.1 -0.20 0.10 -1.62 37.425048 -122.170808 46.5 -2.1420 -0.3178 -1.7221 -0.102 0.081 -2.309
1.35 -27.3 -1.1 -38.6 0.33 0.18 -1.94 37.425048 -122.170808 46.5 -2.0730 -0.5477 -2.0203 -0.111 0.031 -2.366
1.38 -27.3 -1.1 -38.6 0.65 0.09 -1.99 37.425048 -122.170808 46.5 -1.3526 -0.3319 -1.5605 -0.122 -0.010 -2.421
1.41 -27.6 0.4 -38.2 0.42 -0.06 -1.56 37.425048 -122.170808 46.5 -0.5115 -0.1695 -0.6173 -0.137 -0.030 -2.455
1.44 -27.6 0.4 -38.2 0.43 -0.07 -1.53 37.425048 -122.170808 46.5 -0.7753 -0.0217 -0.7298 -0.137 -0.047 -2.476
1.47 -27.8 1.3 -36.8 0.46 -0.05 -1.33 37.425048 -122.170808 46.5 0.1563 -0.1128 -0.3646 -0.154 -0.051 -2.502
1.51 -27.8 1.3 -36.8 0.45 -0.01 -1.17 37.425048 -122.170808 46.5 0.0150 0.2217 -0.3942 -0.151 -0.049 -2.512
1.54 -29.3 1.0 -36.9 0.57 0.08 -1.16 37.425048 -122.170808 46.5 -0.0419 -0.4282 -0.2648 -0.156 -0.048 -2.522
1.57 -29.3 1.0 -36.9 0.38 0.09 -1.05 37.425048 -122.170808 46.5 0.3868 0.1358 0.3071 -0.138 -0.042 -2.517
1.60 -30.2 0.4 -37.8 0.36 -0.01 -1.11 37.425048 -122.170808 46.5 0.1205 -0.2213 0.3985 -0.137 -0.037 -2.507
1.63 -30.2 0.4 -37.8 0.43 0.09 -1.09 37.425048 -122.170808 46.5 0.5548 0.1072 -0.0690 -0.142 -0.026 -2.500
1.66 -30.0 -1.3 -37.0 0.24 0.05 -0.97 37.425048 -122.170808 46.5 0.6513 0.1214 0.4322 -0.119 -0.004 -2.489
1.69 -30.0 -1.3 -37.0 0.22 0.08 -1.06 37.425048 -122.170808 46.5 0.1827 0.3275 0.1946 -0.110 0.005 -2.479
1.72 -29.4 -2.1 -36.5 0.16 0.06 -1.19 37.425048 -122.170808 50.9 0.2501 0.6303 0.1602 -0.089 0.006 -2.477
1.75 -29.4 -2.1 -36.5 -0.02 0.05 -0.98 37.425048 -122.170808 50.9 0.7289 0.4178 0.5584 -0.072 0.019 -2.466
1.79 -28.7 -2.2 -37.0 -0.08 0.11 -1.03 37.425048 -122.170808 50.9 0.2684 0.1567 0.5430 -0.068 0.029 -2.450
1.82 -28.7 -2.2 -37.0 -0.06 0.07 -1.10 37.425048 -122.170808 50.9 -0.2682 0.7956 0.8100 -0.038 0.022 -2.426
1.85 -27.2 -1.9 -37.3 -0.37 0.09 -1.09 37.425048 -122.170808 50.9 0.1276 0.1520 1.4167 -0.027 0.019 -2.394
1.88 -27.2 -1.9 -37.3 -0.52 0.02 -1.10 37.425048 -122.170808 50.9 -0.0448 0.3970 1.1066 -0.021 0.021 -2.360
1.91 -25.7 -0.1 -37.9 -0.58 -0.02 -1.05 37.425048 -122.170808 50.9 -0.0381 0.4124 0.8858 -0.004 0.017 -2.330
1.94 -25.7 -0.1 -37.9 -0.77 -0.08 -1.01 37.425048 -122.170808 50.9 0.1042 0.3131 1.0755 0.002 0.020 -2.301
1.97 -25.5 2.6 -38.8 -0.46 -0.03 -1.03 37.425048 -122.170808 50.9 -0.4134 0.5923 0.3766 0.015 0.014 -2.284
2.01 -25.5 2.6 -38.8 -0.33 0.01 -0.99 37.425048 -122.170808 50.9 0.0221 0.0543 0.1496 -0.021 0.004 -2.280
2.04 -25.0 3.9 -39.4 -0.33 -0.03 -1.05 37.425048 -122.170808 50.9 -0.0577 0.0528 0.3236 -0.062 0.006 -2.273
2.07 -25.0 3.9 -39.4 -0.34 -0.03 -1.03 37.425048 -122.170808 50.9 0.0672 -0.1139 0.4490 -0.092 0.007 -2.263
2.10 -24.2 5.4 -39.7 -0.29 0.00 -1.02 37.425048 -122.170808 50.9 0.0639 -0.4663 0.3693 -0.113 0.010 -2.246
2.13 -24.2 5.4 -39.7 -0.15 0.03 -1.00 37.425048 -122.170808 50.9 0.0941 -0.3532 0.1978 -0.128 0.009 -2.241
2.16 -24.5 5.3 -40.4 -0.21 -0.04 -1.07 37.425048 -122.170808 50.9 -0.1329 0.0972 0.5337 -0.139 0.006 -2.227
2.19 -24.5 5.3 -40.4 -0.15 -0.05 -1.02 37.425048 -122.170808 50.9 0.1775 -0.0423 0.3668 -0.137 0.005 -2.210
2.22 -23.6 5.0 -41.5 -0.09 0.01 -0.97 37.425048 -122.170808 50.9 0.5156 -0.2088 0.1453 -0.141 0.013 -2.204
2.26 -23.6 5.0 -41.5 -0.13 -0.07 -1.04 37.425048 -122.170808 50.9 0.0302 0.3371 0.2848 -0.135 0.021 -2.197
2.29 -24.3 4.9 -41.7 -0.08 -0.08 -1.08 37.425048 -122.170808 50.9 0.0567 0.1913 0.3909 -0.120 0.022 -2.185
2.32 -24.3 4.9 -41.7 -0.08 -0.08 -1.08 37.425048 -122.170808 50.9 0.3105 -0.3296 -0.0262 -0.123 0.028 -2.181
2.35 -25.1 5.7 -42.4 -0.04 -0.03 -0.97 37.425048 -122.170808 50.9 0.2038 0.2725 0.0496 -0.119 0.041 -2.182
2.38 -25.1 5.7 -42.4 -0.09 -0.08 -1.05 37.425048 -122.170808 50.9 -0.1243 0.1641 0.0819 -0.105 0.041 -2.178
2.41 -24.3 5.6 -42.6 -0.02 -0.07 -1.07 37.425048 -122.170808 50.9 0.1984 -0.0261 -0.1475 -0.100 0.044 -2.180
2.44 -24.3 5.6 -42.6 -0.03 -0.04 -1.00 37.425048 -122.170808 50.9 0.1428 0.2645 0.0129 -0.091 0.051 -2.182
2.47 -23.5 4.5 -42.8 -0.05 -0.06 -1.04 37.425048 -122.170808 50.9 0.1941 0.3018 0.0705 -0.080 0.054 -2.181
2.51 -23.5 4.5 -42.8 -0.01 -0.07 -0.97 37.425048 -122.170808 50.9 0.1360 -0.1168 -0.0434 -0.075 0.066 -2.181
