iPhone Sensor Log from Crossbow started at Dec 14, 2011 1:02:00 AM Pacific Standard Time.
ElapsedTime(s) xMag(uT) yMag(uT) zMag(uT) xAccel(g) yAccel(g) zAccel(g) latitude(deg) longitude(deg) altitude(m) xRate(rad/sec) yRate(rad/sec) zRate(rad/sec) roll(rad) pitch(rad) yaw(rad)
0.06 9.4 19.0 -15.0 -0.00 -0.35 -1.01 37.428033 -122.174212 35.4 -0.4346 -0.1940 -0.0451 -0.038 0.334 -2.818
0.09 9.1 19.4 -13.8 -0.06 -0.35 -1.16 37.428033 -122.174212 35.4 0.2974 0.8256 -0.0598 -0.022 0.334 -2.819
0.12 9.1 19.4 -13.8 0.01 -0.38 -0.73 37.428033 -122.174212 35.4 1.0048 1.1658 -0.2193 0.009 0.354 -2.824
0.15 9.5 19.9 -12.7 0.07 -0.34 -0.80 37.428033 -122.174212 35.4 -0.1011 0.2856 -0.2336 0.031 0.366 -2.831
0.18 9.5 19.9 -12.7 0.05 -0.31 -0.87 37.428033 -122.174212 35.4 -0.5733 0.2896 -0.1202 0.033 0.345 -2.836
0.22 9.9 19.8 -12.5 0.03 -0.32 -0.88 37.428033 -122.174212 35.4 -0.2177 0.7325 -0.0864 0.062 0.335 -2.840
0.25 9.9 19.8 -12.5 0.02 -0.32 -0.80 37.428033 -122.174212 35.4 -0.4261 -0.0268 0.0200 0.070 0.325 -2.840
0.28 10.4 20.0 -11.8 0.01 -0.27 -0.97 37.428033 -122.174212 35.4 -0.8182 -0.3208 -0.0244 0.059 0.305 -2.837
0.31 10.4 20.0 -11.8 0.01 -0.25 -0.93 37.428033 -122.174212 35.4 -0.6687 0.2078 -0.1283 0.057 0.283 -2.838
0.34 10.4 20.6 -11.4 -0.08 -0.25 -0.76 37.428033 -122.174212 35.4 -0.6074 0.3012 -0.2224 0.071 0.262 -2.844
0.37 10.4 20.6 -11.4 -0.07 -0.19 -0.60 37.428033 -122.174212 35.4 -0.8712 0.4103 -0.3579 0.080 0.241 -2.850
0.40 10.6 22.5 -10.3 0.14 -0.29 -1.07 37.428033 -122.174212 35.4 -1.3555 1.5370 -0.8420 0.113 0.208 -2.865
0.43 10.6 22.5 -10.3 0.13 -0.35 -1.12 37.428033 -122.174212 35.4 -1.1323 3.2049 -0.8663 0.207 0.151 -2.890
0.47 11.0 23.5 -7.7 0.42 -0.27 -1.63 37.428033 -122.174212 35.4 -2.0032 2.2332 -0.8856 0.318 0.091 -2.908
0.50 11.0 23.5 -7.7 0.48 -0.07 -1.96 37.428033 -122.174212 35.4 -2.8711 0.4788 -0.4404 0.351 0.019 -2.902
0.53 13.9 24.3 -0.3 0.43 0.27 -1.97 37.428033 -122.174212 35.4 -2.6854 -0.3776 0.3105 0.345 -0.058 -2.874
0.56 13.9 24.3 -0.3 0.76 0.41 -1.96 37.428033 -122.174212 35.4 -0.9410 -0.1055 0.1505 0.349 -0.100 -2.851
0.59 13.9 24.1 0.4 0.99 0.59 -1.96 37.428033 -122.174212 35.4 0.4716 -2.5526 -0.1878 0.294 -0.104 -2.853
0.62 13.9 24.1 0.4 1.28 0.80 -1.96 37.428033 -122.174212 35.4 1.8932 -3.1373 -0.2421 0.208 -0.072 -2.867
0.65 12.0 22.7 -5.6 1.35 1.00 -1.80 37.428033 -122.174212 35.4 3.8844 -2.7224 -0.1482 0.126 0.009 -2.886
0.68 12.0 22.7 -5.6 1.37 1.07 -1.30 37.428033 -122.174212 35.4 5.5073 -2.5962 0.2519 0.054 0.146 -2.896
0.72 8.4 18.5 -12.2 1.30 1.19 -0.96 37.428033 -122.174212 35.4 7.0859 -2.9153 1.1949 -0.082 0.444 -2.857
0.75 8.4 18.5 -12.2 0.98 1.18 -0.07 37.428033 -122.174212 35.4 7.8374 -3.3034 1.9618 -0.221 0.642 -2.766
0.78 4.0 10.4 -16.7 0.98 1.18 -0.07 37.428033 -122.174212 35.4 7.8389 -2.7493 2.2741 -0.417 0.834 -2.597
0.81 4.0 10.4 -16.7 0.62 0.91 0.38 37.428033 -122.174212 35.4 6.0455 -2.5834 2.7266 -0.705 0.968 -2.329
0.84 -4.3 -1.8 -15.9 0.27 0.78 0.38 37.428033 -122.174212 35.4 5.1999 -2.5868 2.7986 -1.153 1.012 -1.910
0.87 -4.3 -1.8 -15.9 -0.04 0.64 0.64 37.428033 -122.174212 35.4 4.6870 -2.2754 2.5655 -1.452 0.975 -1.633
0.90 -9.5 -5.4 -12.3 -0.41 0.42 1.05 37.428033 -122.174212 35.4 3.9475 -1.7138 2.2405 -1.672 0.910 -1.430
0.93 -9.5 -5.4 -12.3 -0.69 0.31 1.14 37.428033 -122.174212 35.4 2.4668 -1.4020 1.8559 -1.845 0.814 -1.276
0.97 -14.0 -5.6 -6.8 -0.95 0.28 1.15 37.428033 -122.174212 35.4 1.3486 -1.7527 1.3883 -1.946 0.737 -1.216
1.00 -14.0 -5.6 -6.8 -1.23 0.30 1.44 37.428033 -122.174212 35.4 1.0248 -1.3220 0.8522 -2.005 0.697 -1.193
1.03 -15.1 -5.2 -4.4 -1.23 0.29 1.62 37.428033 -122.174212 35.4 0.3855 -0.8125 0.1652 -2.043 0.677 -1.178
1.06 -15.1 -5.2 -4.4 -1.28 0.29 1.46 37.428033 -122.174212 35.4 -0.8959 -0.5877 -0.3014 -2.055 0.684 -1.186
1.09 -15.7 -3.8 -3.7 -1.43 0.33 1.16 37.428033 -122.174212 35.4 -2.6792 -1.2140 -0.7719 -2.043 0.736 -1.259
1.12 -15.7 -3.8 -3.7 -1.39 0.35 0.78 37.428033 -122.174212 35.4 -3.5298 -1.2132 -1.4237 -2.014 0.804 -1.351
1.15 -15.6 -3.9 -4.6 -1.29 0.44 0.40 37.428033 -122.174212 35.4 -4.3305 -0.8421 -2.1210 -1.949 0.895 -1.474
1.18 -15.6 -3.9 -4.6 -1.21 0.53 -0.09 37.428033 -122.174212 35.4 -5.2332 -0.9455 -2.7447 -1.823 1.003 -1.659
1.22 -14.4 -5.4 -7.8 -0.91 0.54 -0.42 37.428033 -122.174212 35.4 -5.3669 -0.4951 -4.1292 -1.374 1.180 -2.203
1.25 -14.4 -5.4 -7.8 -0.74 0.73 -0.57 37.428033 -122.174212 35.4 -5.1948 -0.1791 -4.5967 -0.898 1.231 -2.721
1.28 -13.1 -5.8 -11.3 -0.46 0.98 -0.99 37.428033 -122.174212 35.4 -5.7065 -0.5975 -5.4291 -0.362 1.189 2.983
1.31 -13.1 -5.8 -11.3 -0.15 1.18 -1.59 37.428033 -122.174212 35.4 -6.7436 -2.0590 -5.8958 -0.012 1.041 2.548
1.34 -11.9 -4.4 -14.7 0.49 1.42 -1.61 37.428033 -122.174212 35.4 -5.0761 -0.7002 -6.3795 0.204 0.795 2.209
1.37 -11.9 -4.4 -14.7 1.01 1.41 -1.96 37.428033 -122.174212 35.4 -4.6759 -0.0005 -6.6208 0.318 0.620 2.022
1.40 -13.0 2.8 -19.1 1.49 1.34 -1.96 37.428033 -122.174212 35.4 -3.5644 0.1075 -6.5443 0.398 0.447 1.870
1.43 -13.0 2.8 -19.1 2.02 0.83 -1.94 37.428033 -122.174212 35.4 -2.0571 -0.4466 -6.3814 0.446 0.305 1.726
1.47 -16.6 5.2 -19.5 2.00 0.20 -1.72 37.428033 -122.174212 35.4 -0.7019 -0.2839 -4.2390 0.468 0.141 1.525
1.50 -16.6 5.2 -19.5 1.92 -0.01 -1.49 37.428033 -122.174212 35.4 -0.0225 -0.1647 -2.7491 0.472 0.092 1.445
1.53 -22.3 3.4 -15.6 1.80 -0.15 -1.31 37.428033 -122.174212 35.4 0.1615 -0.5410 -1.8054 0.466 0.067 1.390
1.56 -22.3 3.4 -15.6 1.66 -0.17 -1.15 37.428033 -122.174212 35.4 0.1478 -0.7136 -0.9989 0.450 0.054 1.355
1.59 -25.1 1.2 -12.4 1.61 -0.13 -1.05 37.428033 -122.174212 35.4 0.2800 -0.5701 -0.2734 0.425 0.052 1.333
1.62 -25.1 1.2 -12.4 1.57 -0.04 -0.87 37.428033 -122.174212 35.4 0.4304 -0.4886 0.3205 0.411 0.062 1.331
1.65 -26.5 0.9 -9.8 1.63 0.02 -0.70 37.428033 -122.174212 35.4 0.5014 -0.7145 0.7793 0.394 0.081 1.340
1.68 -26.5 0.9 -9.8 1.56 0.18 -0.61 37.428033 -122.174212 35.4 0.4498 -0.6200 1.4905 0.372 0.105 1.366
1.72 -26.6 2.5 -10.2 1.37 0.33 -0.61 37.428033 -122.174212 35.4 0.1524 -0.7069 2.8866 0.329 0.154 1.460
1.75 -26.6 2.5 -10.2 1.26 0.47 -0.62 37.428033 -122.174212 35.4 -0.1425 -0.9520 3.5419 0.292 0.180 1.549
1.78 -25.2 7.1 -12.4 1.18 0.57 -0.62 37.428033 -122.174212 35.4 -0.1366 -1.0446 4.1031 0.242 0.204 1.656
1.81 -25.2 7.1 -12.4 0.89 0.77 -0.57 37.428033 -122.174212 35.4 -0.0777 -0.8467 4.7418 0.189 0.228 1.781
1.84 -22.9 12.7 -13.8 0.73 0.91 -0.59 37.428033 -122.174212 35.4 -0.1479 -0.5053 5.3241 0.118 0.253 1.974
1.87 -22.9 12.7 -13.8 0.65 1.01 -0.85 37.428033 -122.174212 35.4 -0.5545 0.0328 5.5375 0.072 0.257 2.132
1.90 -16.9 21.8 -15.9 0.68 1.11 -0.86 37.428033 -122.174212 35.4 -0.7530 0.1592 5.6409 0.036 0.246 2.293
1.93 -16.9 21.8 -15.9 0.57 1.34 -1.13 37.428033 -122.174212 35.4 -0.4198 -0.0150 5.8009 -0.003 0.232 2.457
1.97 -9.3 25.5 -16.5 -0.28 1.56 -1.36 37.428033 -122.174212 35.4 -0.5971 0.7938 6.6972 -0.041 0.198 2.752
2.00 -9.3 25.5 -16.5 -0.28 1.56 -1.36 37.428033 -122.174212 35.4 -1.0237 0.4867 7.0477 -0.059 0.166 2.949
2.03 3.1 27.1 -13.1 -1.08 1.46 -1.69 37.428033 -122.174212 35.4 -0.4455 0.5793 5.9269 -0.073 0.132 3.128
2.06 3.1 27.1 -13.1 -1.61 1.18 -1.67 37.428033 -122.174212 35.4 0.1806 0.8323 4.9275 -0.068 0.120 -3.005
2.09 8.6 26.2 -10.8 -1.65 0.88 -1.45 37.428033 -122.174212 35.4 0.7910 -0.0231 3.1931 -0.074 0.128 -2.857
2.12 8.6 26.2 -10.8 -1.48 0.59 -1.15 37.428033 -122.174212 35.4 0.9362 -0.0468 2.0819 -0.087 0.147 -2.784
2.15 10.5 23.1 -10.2 -1.15 0.40 -0.91 37.428033 -122.174212 35.4 1.1642 0.3025 1.0154 -0.090 0.174 -2.741
2.18 10.5 23.1 -10.2 -0.82 0.22 -0.85 37.428033 -122.174212 35.4 0.8273 0.2400 0.4271 -0.084 0.200 -2.721
2.22 11.1 20.2 -9.4 -0.59 0.03 -0.79 37.428033 -122.174212 35.4 0.4703 0.0699 -0.2458 -0.129 0.210 -2.707
2.25 11.1 20.2 -9.4 -0.41 -0.10 -0.84 37.428033 -122.174212 35.4 0.2959 0.1234 -0.4493 -0.145 0.216 -2.711
2.28 11.0 20.0 -9.0 -0.22 -0.19 -0.90 37.428033 -122.174212 35.4 0.1014 -0.1084 -0.5442 -0.147 0.223 -2.724
2.31 11.0 20.0 -9.0 -0.11 -0.28 -0.87 37.428033 -122.174212 35.4 0.0890 0.0003 -0.4068 -0.148 0.233 -2.737
2.34 11.0 19.7 -10.1 0.35 -0.67 -0.88 37.428033 -122.174212 35.4 -0.2096 -0.0269 -0.4923 -0.138 0.234 -2.755
2.37 11.0 19.7 -10.1 -0.19 -0.19 -1.00 37.428033 -122.174212 35.4 -0.9361 -0.2291 0.6963 -0.151 0.214 -2.748
2.40 11.0 20.0 -10.3 -0.28 -0.15 -1.29 37.428033 -122.174212 35.4 -0.6997 -0.1849 0.2006 -0.156 0.186 -2.738
2.43 11.0 20.0 -10.3 0.03 -0.30 -0.93 37.428033 -122.174212 35.4 0.1850 -0.1863 -0.1522 -0.151 0.191 -2.744
2.47 9.6 20.3 -10.1 -0.06 -0.26 -0.76 37.428033 -122.174212 35.4 0.3586 0.2187 0.1780 -0.148 0.208 -2.740
2.50 9.6 20.3 -10.1 -0.18 -0.21 -1.00 37.428033 -122.174212 35.4 -0.2753 -0.0590 0.2196 -0.151 0.201 -2.731
2.53 9.6 20.2 -10.5 -0.14 -0.24 -1.03 37.428033 -122.174212 35.4 -0.0049 -0.1242 0.0188 -0.155 0.199 -2.729
2.56 9.6 20.2 -10.5 -0.10 -0.27 -0.95 37.428033 -122.174212 35.4 0.1548 0.0297 -0.0180 -0.148 0.211 -2.730
2.59 9.7 20.5 -11.0 -0.10 -0.25 -1.00 37.428033 -122.174212 35.4 -0.0600 -0.0625 -0.0129 -0.142 0.218 -2.731
2.62 9.7 20.5 -11.0 -0.10 -0.24 -1.07 37.428033 -122.174212 35.4 -0.0184 -0.0873 -0.0295 -0.139 0.217 -2.733
2.65 9.6 20.2 -10.5 -0.08 -0.25 -0.95 37.428033 -122.174212 35.4 0.2714 -0.1091 0.0035 -0.137 0.225 -2.734
2.68 9.6 20.2 -10.5 -0.15 -0.24 -0.99 37.428033 -122.174212 35.4 0.2847 -0.0099 0.0629 -0.140 0.234 -2.731
