iPhone Sensor Log from Crossbow started at Dec 14, 2011 1:03:11 AM Pacific Standard Time.
ElapsedTime(s) xMag(uT) yMag(uT) zMag(uT) xAccel(g) yAccel(g) zAccel(g) latitude(deg) longitude(deg) altitude(m) xRate(rad/sec) yRate(rad/sec) zRate(rad/sec) roll(rad) pitch(rad) yaw(rad)
0.03 13.3 19.0 -13.2 0.20 -0.26 -1.17 37.428034 -122.174214 35.7 -0.6030 -0.1200 -0.0782 0.146 0.231 -2.857
0.06 13.3 19.0 -13.2 0.16 -0.24 -1.01 37.428034 -122.174214 35.7 0.0975 0.0532 0.0298 0.145 0.223 -2.858
0.10 14.3 19.7 -13.1 0.15 -0.24 -0.85 37.428034 -122.174214 35.7 0.3654 0.3797 0.0066 0.154 0.232 -2.859
0.13 14.3 19.7 -13.1 0.13 -0.21 -0.88 37.428034 -122.174214 35.7 -0.2400 -0.1091 0.0483 0.156 0.235 -2.858
0.16 13.8 19.9 -12.7 0.14 -0.21 -0.98 37.428034 -122.174214 35.7 -0.3770 -0.0361 -0.0411 0.152 0.225 -2.856
0.19 13.8 19.9 -12.7 0.15 -0.20 -1.05 37.428034 -122.174214 35.7 -0.3655 0.1454 -0.1203 0.155 0.214 -2.857
0.22 12.6 19.6 -12.8 0.16 -0.19 -0.95 37.428034 -122.174214 35.7 -0.1890 -0.0656 0.2066 0.155 0.205 -2.855
0.25 12.6 19.6 -12.8 0.13 -0.21 -0.94 37.428034 -122.174214 35.7 -0.1061 -0.0734 0.1792 0.147 0.205 -2.844
0.28 13.1 19.6 -13.1 0.13 -0.19 -0.94 37.428034 -122.174214 35.7 -0.1552 0.0002 0.1438 0.144 0.202 -2.839
0.31 13.1 19.6 -13.1 0.12 -0.14 -0.87 37.428034 -122.174214 35.7 -0.1027 0.1045 0.1865 0.144 0.198 -2.834
0.35 13.3 19.3 -13.2 0.17 -0.19 -0.97 37.428034 -122.174214 35.7 -0.2039 0.3892 0.3286 0.150 0.195 -2.826
0.38 13.3 19.3 -13.2 0.16 -0.22 -0.94 37.428034 -122.174214 35.7 -0.2238 0.3868 0.5039 0.162 0.188 -2.809
0.41 12.6 19.0 -13.1 0.20 -0.20 -0.93 37.428034 -122.174214 35.7 -0.0056 0.5628 0.7732 0.172 0.189 -2.791
0.44 12.6 19.0 -13.1 0.10 -0.10 -1.17 37.428034 -122.174214 35.7 0.0357 0.8163 0.9446 0.187 0.194 -2.767
0.47 13.6 18.9 -12.3 0.12 -0.28 -0.90 37.428034 -122.174214 35.7 0.1480 0.8982 0.9190 0.207 0.202 -2.740
0.50 13.6 18.9 -12.3 0.12 -0.28 -0.90 37.428034 -122.174214 35.7 0.2089 0.5259 0.6081 0.233 0.227 -2.708
0.53 15.4 18.5 -12.0 -0.09 -0.48 -0.46 37.428034 -122.174214 35.7 -1.1784 0.4537 -0.1389 0.234 0.217 -2.701
0.56 15.4 18.5 -12.0 -0.05 -0.26 -1.06 37.428034 -122.174214 35.7 -2.7783 0.3997 -0.1301 0.246 0.155 -2.691
0.60 16.5 18.2 -11.4 0.21 -0.19 -1.78 37.428034 -122.174214 35.7 -5.0338 0.5124 0.5766 0.258 0.046 -2.659
0.63 16.5 18.2 -11.4 -0.51 0.25 -1.98 37.428034 -122.174214 35.7 -2.8464 -0.5720 0.3691 0.255 -0.106 -2.595
0.66 17.8 19.2 -7.1 0.56 0.73 -1.97 37.428034 -122.174214 35.7 0.3975 -0.8347 -0.8682 0.236 -0.132 -2.596
0.69 17.8 19.2 -7.1 0.56 0.73 -1.97 37.428034 -122.174214 35.7 2.8864 -3.1624 -1.5189 0.170 -0.085 -2.645
0.72 17.6 19.2 -8.4 1.18 0.96 -1.96 37.428034 -122.174214 35.7 4.5066 -4.0873 -1.7654 0.058 0.016 -2.701
0.75 17.6 19.2 -8.4 1.56 1.38 -1.95 37.428034 -122.174214 35.7 7.1780 -2.1219 -1.7196 -0.080 0.299 -2.777
0.78 11.9 14.4 -19.7 1.76 1.48 -1.59 37.428034 -122.174214 35.7 8.1543 -0.9580 -1.0987 -0.113 0.519 -2.796
0.81 11.9 14.4 -19.7 1.50 1.71 -0.97 37.428034 -122.174214 35.7 8.0277 -0.5330 0.1025 -0.147 0.745 -2.773
0.85 6.4 6.2 -25.2 1.12 1.73 -0.44 37.428034 -122.174214 35.7 7.7758 -0.4266 0.9730 -0.229 0.957 -2.684
0.88 6.4 6.2 -25.2 0.60 1.68 0.42 37.428034 -122.174214 35.7 7.5736 0.3756 1.2427 -0.514 1.211 -2.365
0.91 0.9 -8.7 -25.9 0.46 1.34 0.93 37.428034 -122.174214 35.7 6.3784 0.2195 1.5336 -1.031 1.328 -1.817
0.94 0.9 -8.7 -25.9 -0.08 1.11 1.65 37.428034 -122.174214 35.7 5.2113 0.3622 2.0076 -1.685 1.310 -1.136
0.97 -1.7 -15.2 -22.3 -0.69 0.70 1.96 37.428034 -122.174214 35.7 3.3791 0.4201 2.0862 -1.983 1.223 -0.811
1.00 -1.7 -15.2 -22.3 -1.42 0.43 1.68 37.428034 -122.174214 35.7 -0.4288 -1.0057 1.4832 -2.040 1.118 -0.772
1.03 -4.9 -18.2 -17.8 -1.55 0.20 1.13 37.428034 -122.174214 35.7 -1.6833 -0.9638 0.4968 -1.983 1.110 -0.868
1.06 -4.9 -18.2 -17.8 -1.51 0.08 0.76 37.428034 -122.174214 35.7 -2.2567 -1.2178 -0.2287 -1.903 1.130 -0.990
1.10 -6.7 -17.4 -17.0 -1.55 -0.03 0.40 37.428034 -122.174214 35.7 -2.6240 -1.2519 -0.8436 -1.800 1.164 -1.142
1.13 -6.7 -17.4 -17.0 -1.63 -0.03 -0.01 37.428034 -122.174214 35.7 -2.5710 -1.1746 -1.7611 -1.621 1.227 -1.382
1.16 -7.7 -15.2 -17.8 -1.58 0.01 -0.36 37.428034 -122.174214 35.7 -2.6473 -1.3596 -2.5223 -1.425 1.285 -1.626
1.19 -7.7 -15.2 -17.8 -1.35 0.05 -1.02 37.428034 -122.174214 35.7 -2.9009 -1.2929 -3.5398 -1.075 1.344 -2.025
1.22 -5.9 -13.7 -19.8 -1.10 0.29 -1.45 37.428034 -122.174214 35.7 -2.8464 -1.4078 -4.3853 -0.480 1.365 -2.674
1.25 -5.9 -13.7 -19.8 -0.74 0.76 -1.77 37.428034 -122.174214 35.7 -2.0509 -1.4238 -5.8809 0.419 1.251 2.623
1.28 -2.8 -13.4 -23.9 -0.32 1.37 -1.78 37.428034 -122.174214 35.7 -1.4336 -2.3847 -6.7696 0.675 1.116 2.287
1.31 -2.8 -13.4 -23.9 0.35 1.94 -1.78 37.428034 -122.174214 35.7 -0.7104 -2.4248 -7.9687 0.831 0.953 2.026
1.35 -1.3 -12.9 -26.6 0.89 2.01 -1.66 37.428034 -122.174214 35.7 -0.1273 -2.7316 -8.6142 0.923 0.767 1.809
1.38 -1.3 -12.9 -26.6 1.87 2.04 -1.64 37.428034 -122.174214 35.7 0.2203 -2.3192 -9.3400 0.969 0.495 1.566
1.41 -1.1 -11.4 -28.2 2.03 2.04 -1.16 37.428034 -122.174214 35.7 1.5218 -0.5637 -9.1856 1.003 0.291 1.387
1.44 -1.1 -11.4 -28.2 2.02 2.01 -0.73 37.428034 -122.174214 35.7 2.5178 -0.2113 -8.3953 1.033 0.117 1.201
1.47 -4.8 -14.6 -26.9 2.00 1.20 -0.36 37.428034 -122.174214 35.7 2.3243 -1.1953 -7.2228 1.021 -0.032 1.033
1.50 -4.8 -14.6 -26.9 1.99 0.60 0.09 37.428034 -122.174214 35.7 2.0410 -0.3070 -4.5014 0.932 -0.209 0.797
1.53 -6.9 -21.2 -21.9 1.99 0.74 0.11 37.428034 -122.174214 35.7 1.4114 0.6005 -1.6293 0.926 -0.240 0.707
1.56 -6.9 -21.2 -21.9 1.99 0.53 -0.33 37.428034 -122.174214 35.7 -0.1060 -0.9954 -0.4202 0.911 -0.249 0.683
1.60 -7.7 -31.0 -11.9 1.99 0.54 -0.23 37.428034 -122.174214 35.7 -0.2567 -1.6789 -0.0321 0.869 -0.258 0.686
1.63 -7.7 -31.0 -11.9 1.96 0.54 0.05 37.428034 -122.174214 35.7 0.2726 -0.6878 0.4031 0.826 -0.250 0.690
1.66 -8.4 -33.6 -8.9 1.74 0.66 0.27 37.428034 -122.174214 35.7 0.2569 -0.1442 1.0480 0.819 -0.229 0.698
1.69 -8.4 -33.6 -8.9 1.41 0.85 0.44 37.428034 -122.174214 35.7 -0.1632 -0.2014 1.8892 0.822 -0.197 0.727
1.72 -11.4 -32.6 -10.3 1.39 1.00 0.38 37.428034 -122.174214 35.7 -0.9329 -0.8305 2.5137 0.817 -0.162 0.783
1.75 -11.4 -32.6 -10.3 1.35 1.26 0.22 37.428034 -122.174214 35.7 -2.2373 -1.7843 3.2775 0.781 -0.128 0.905
1.78 -14.6 -29.1 -13.1 1.57 1.49 0.24 37.428034 -122.174214 35.7 -2.5955 -2.3472 4.1051 0.724 -0.100 1.071
1.81 -14.6 -29.1 -13.1 1.64 2.05 0.40 37.428034 -122.174214 35.7 -2.5870 -3.2368 5.1501 0.655 -0.073 1.217
1.85 -20.6 -15.7 -19.7 1.88 2.05 0.22 37.428034 -122.174214 35.7 -2.8718 -2.4823 6.2482 0.583 -0.041 1.394
1.88 -20.6 -15.7 -19.7 1.88 2.05 0.22 37.428034 -122.174214 35.7 -3.2837 -0.9231 7.0891 0.537 -0.008 1.665
1.91 -22.2 -0.7 -23.5 2.01 2.05 0.10 37.428034 -122.174214 35.7 -4.0122 -1.7302 8.6619 0.500 0.013 1.908
1.94 -22.2 -0.7 -23.5 2.01 2.05 -0.05 37.428034 -122.174214 35.7 -4.5522 -1.6810 10.7543 0.441 0.031 2.206
1.97 -11.2 22.2 -23.4 -1.53 1.95 -1.80 37.428034 -122.174214 35.7 -4.4849 -1.0010 12.7392 0.391 0.049 2.564
2.00 -11.2 22.2 -23.4 -1.53 1.95 -1.80 37.428034 -122.174214 35.7 -5.4150 -2.1803 10.2591 0.306 0.016 -3.124
2.03 2.7 28.2 -18.6 -1.95 1.93 -2.01 37.428034 -122.174214 35.7 -2.6750 -0.6846 7.4546 0.256 -0.022 -2.862
2.06 2.7 28.2 -18.6 -1.95 1.93 -2.01 37.428034 -122.174214 35.7 -0.0597 2.2661 4.1657 0.297 -0.010 -2.707
2.10 16.4 23.3 -10.1 -1.79 1.22 -1.42 37.428034 -122.174214 35.7 0.4327 1.1600 1.8949 0.350 0.025 -2.638
2.13 16.4 23.3 -10.1 -1.02 0.71 -0.94 37.428034 -122.174214 35.7 0.5575 -1.4464 0.1333 0.331 0.051 -2.617
2.16 18.1 19.4 -8.5 -0.48 0.46 -0.74 37.428034 -122.174214 35.7 -0.1098 -1.2579 -0.2866 0.283 0.051 -2.622
2.19 18.1 19.4 -8.5 -0.53 0.32 -1.52 37.428034 -122.174214 35.7 -0.3799 -0.6249 -0.4253 0.262 0.039 -2.629
2.22 17.2 18.0 -8.9 0.10 0.16 -1.20 37.428034 -122.174214 35.7 -0.2350 -0.7721 -0.6786 0.243 0.030 -2.645
2.25 17.2 18.0 -8.9 0.25 0.01 -1.25 37.428034 -122.174214 35.7 -0.1833 0.1283 -0.7117 0.237 0.013 -2.669
2.28 15.5 18.5 -9.5 0.39 -0.06 -1.03 37.428034 -122.174214 35.7 0.1710 -0.6343 -0.5072 0.235 0.010 -2.693
2.31 15.5 18.5 -9.5 0.45 -0.04 -0.83 37.428034 -122.174214 35.7 0.1283 -0.5471 -0.1249 0.219 0.013 -2.702
2.35 15.1 19.3 -9.5 0.23 -0.02 -0.90 37.428034 -122.174214 35.7 0.0004 0.0253 0.2447 0.218 0.016 -2.699
2.38 15.1 19.3 -9.5 0.12 -0.01 -0.99 37.428034 -122.174214 35.7 0.0548 -0.0960 0.4220 0.208 0.018 -2.689
2.41 14.4 19.9 -9.3 0.12 -0.06 -1.07 37.428034 -122.174214 35.7 0.1919 0.3237 0.1051 0.198 0.028 -2.681
2.44 14.4 19.9 -9.3 0.26 -0.09 -1.04 37.428034 -122.174214 35.7 0.3325 0.2936 0.0899 0.210 0.041 -2.681
2.47 14.3 19.6 -9.7 0.23 -0.08 -0.98 37.428034 -122.174214 35.7 0.1894 -0.0498 0.2323 0.216 0.054 -2.677
2.50 14.3 19.6 -9.7 0.24 -0.04 -0.97 37.428034 -122.174214 35.7 -0.1222 -0.3159 0.0702 0.209 0.056 -2.670
2.53 15.0 18.2 -9.8 0.21 -0.10 -0.94 37.428034 -122.174214 35.7 -0.0540 -0.1844 -0.1958 0.203 0.055 -2.673
2.56 15.0 18.2 -9.8 0.15 -0.01 -0.89 37.428034 -122.174214 35.7 -0.0481 -0.3144 -0.1890 0.195 0.054 -2.678
2.60 14.5 18.8 -9.9 0.18 -0.07 -0.95 37.428034 -122.174214 35.7 -0.1121 -0.0762 -0.2734 0.189 0.051 -2.684
2.63 14.5 18.8 -9.9 0.19 -0.09 -1.01 37.428034 -122.174214 35.7 -0.0694 0.0543 -0.2057 0.190 0.049 -2.691
2.66 14.2 20.4 -9.3 0.18 -0.07 -1.00 37.428034 -122.174214 35.7 0.0215 -0.0225 -0.0178 0.189 0.052 -2.693
2.69 14.2 20.4 -9.3 0.21 -0.06 -1.00 37.428034 -122.174214 35.7 -0.0186 -0.1159 -0.0173 0.188 0.052 -2.694
2.72 14.7 19.9 -9.1 0.21 -0.05 -0.97 37.428034 -122.174214 35.7 -0.0637 -0.1114 0.0078 0.187 0.051 -2.694
2.75 14.7 19.9 -9.1 0.12 0.01 -0.90 37.428034 -122.174214 35.7 0.0411 -0.0856 0.1110 0.180 0.049 -2.691
2.78 14.8 19.7 -9.8 0.18 -0.01 -0.78 37.428034 -122.174214 35.7 0.0911 0.0889 -0.0232 0.179 0.049 -2.689
