iPhone Sensor Log from Crossbow started at Dec 14, 2011 1:49:50 AM Pacific Standard Time.
ElapsedTime(s) xMag(uT) yMag(uT) zMag(uT) xAccel(g) yAccel(g) zAccel(g) latitude(deg) longitude(deg) altitude(m) xRate(rad/sec) yRate(rad/sec) zRate(rad/sec) roll(rad) pitch(rad) yaw(rad)
0.03 15.2 7.8 -31.1 0.39 -0.45 -0.82 37.427988 -122.174257 35.1 -0.2612 -0.4359 0.5233 0.456 0.421 0.920
0.06 16.5 8.2 -31.4 0.53 -0.53 -0.82 37.427988 -122.174257 35.1 -0.0215 0.4821 -0.0066 0.445 0.418 0.935
0.10 16.5 8.2 -31.4 0.67 -0.53 -0.63 37.427988 -122.174257 35.1 -0.1252 0.8047 -0.2236 0.481 0.421 0.925
0.13 17.2 8.9 -30.8 0.57 -0.35 -0.58 37.427988 -122.174257 35.1 -1.0452 0.1309 -0.3864 0.495 0.403 0.926
0.16 17.2 8.9 -30.8 0.54 -0.26 -0.92 37.427988 -122.174257 35.1 -1.7003 -1.3466 -0.4588 0.471 0.360 0.934
0.19 17.5 10.7 -30.5 0.15 -0.21 -0.55 37.427988 -122.174257 35.1 -1.2233 -2.6108 -0.1310 0.377 0.308 0.947
0.22 17.5 10.7 -30.5 0.27 -0.28 -0.78 37.427988 -122.174257 35.1 -1.7955 -1.6873 -0.1867 0.326 0.267 0.957
0.25 14.6 14.5 -31.5 0.39 -0.26 -0.45 37.427988 -122.174257 35.1 -2.4522 -2.1191 -0.1094 0.254 0.210 0.970
0.28 14.6 14.5 -31.5 0.19 -0.07 -0.77 37.427988 -122.174257 35.1 -2.1590 1.7023 0.9059 0.265 0.151 1.001
0.31 11.2 18.7 -31.4 0.49 0.22 -0.20 37.427988 -122.174257 35.1 -2.4930 -3.8042 0.6931 0.169 0.053 1.018
0.35 11.2 18.7 -31.4 0.32 0.44 -0.69 37.427988 -122.174257 35.1 -3.7075 -2.3151 3.0445 0.080 -0.035 1.093
0.38 7.9 25.2 -28.4 -0.15 0.31 -0.91 37.427988 -122.174257 35.1 -2.3476 -0.3404 2.1257 0.059 -0.110 1.172
0.41 7.9 25.2 -28.4 -0.04 0.17 -0.86 37.427988 -122.174257 35.1 -1.6660 0.1034 1.9392 0.084 -0.160 1.230
0.44 9.0 28.3 -25.7 -0.53 0.50 -0.33 37.427988 -122.174257 35.1 -0.7569 -1.7253 3.1100 0.056 -0.190 1.319
0.47 9.0 28.3 -25.7 -1.67 0.13 -0.91 37.427988 -122.174257 35.1 -4.2675 -2.8657 1.4746 0.012 -0.263 1.388
0.50 11.3 32.6 -21.7 -1.97 0.50 -1.52 37.427988 -122.174257 35.1 -5.4507 -2.7055 -0.0237 -0.070 -0.402 1.398
0.53 11.3 32.6 -21.7 -1.96 0.84 -2.01 37.427988 -122.174257 35.1 -5.7963 -1.6495 -0.5541 -0.136 -0.560 1.375
0.56 9.6 37.4 -16.3 -1.95 1.46 -2.01 37.427988 -122.174257 35.1 -1.2925 -4.1365 -4.3195 -0.417 -0.689 1.168
0.60 9.6 37.4 -16.3 -1.95 1.93 -2.01 37.427988 -122.174257 35.1 1.2595 -3.3176 -5.4828 -0.615 -0.612 1.021
0.63 -3.6 42.0 -11.8 -1.95 1.93 -2.01 37.427988 -122.174257 35.1 2.2999 -0.1077 -6.8574 -0.721 -0.461 0.902
0.66 -3.6 42.0 -11.8 -1.95 1.93 -2.01 37.427988 -122.174257 35.1 4.3646 1.6722 -8.1641 -0.724 -0.252 0.799
0.69 -18.0 34.1 -15.9 -1.95 1.94 -1.50 37.427988 -122.174257 35.1 7.3915 0.1059 -10.6181 -0.699 0.158 0.682
0.72 -18.0 34.1 -15.9 -1.28 1.96 -1.15 37.427988 -122.174257 35.1 7.4664 0.6859 -11.5278 -0.651 0.515 0.561
0.75 -27.5 0.8 -20.4 -0.49 1.98 -0.56 37.427988 -122.174257 35.1 8.5498 1.6902 -11.3391 -0.490 0.880 0.370
0.78 -27.5 0.8 -20.4 0.16 2.01 0.44 37.427988 -122.174257 35.1 8.9621 0.7285 -9.9390 -0.080 1.206 -0.055
0.82 -18.7 -21.5 -14.1 1.73 2.05 0.88 37.427988 -122.174257 35.1 6.2661 0.4871 -7.8876 1.561 1.196 -1.758
0.85 -18.7 -21.5 -14.1 2.01 2.06 0.77 37.427988 -122.174257 35.1 3.9597 0.5477 -4.6671 1.804 1.011 -2.015
0.88 1.2 -36.3 2.2 1.99 1.99 1.90 37.427988 -122.174257 35.1 3.9812 -0.0826 -1.8819 1.928 0.898 -2.155
0.91 1.2 -36.3 2.2 1.85 1.70 1.64 37.427988 -122.174257 35.1 1.9157 -0.5539 1.3482 2.005 0.866 -2.272
0.94 5.7 -37.2 9.1 0.79 1.53 1.39 37.427988 -122.174257 35.1 -0.6201 -0.5315 5.0727 2.074 0.979 -2.387
0.97 5.7 -37.2 9.1 -0.15 1.30 1.54 37.427988 -122.174257 35.1 -1.3541 -1.4640 6.6139 2.158 1.139 -2.514
1.00 1.6 -37.4 10.8 -1.08 0.86 1.56 37.427988 -122.174257 35.1 -2.4359 -2.3305 7.1218 2.324 1.325 -2.748
1.03 1.6 -37.4 10.8 -2.01 0.48 1.99 37.427988 -122.174257 35.1 -2.6595 -3.6614 7.7142 -2.953 1.483 2.433
1.06 -13.6 -34.7 8.2 -2.01 0.35 1.99 37.427988 -122.174257 35.1 -4.7227 -3.6345 6.8599 -1.506 1.213 0.788
1.10 -13.6 -34.7 8.2 -2.00 0.49 1.32 37.427988 -122.174257 35.1 -6.8359 -4.6697 6.8380 -1.343 1.000 0.474
1.13 -24.3 -27.6 4.8 -1.98 0.79 -0.57 37.427988 -122.174257 35.1 -8.5651 -4.6522 4.8692 -1.275 0.784 0.213
1.16 -24.3 -27.6 4.8 -1.96 1.08 -1.73 37.427988 -122.174257 35.1 -10.0953 -3.6967 0.7474 -1.193 0.630 -0.090
1.19 -34.0 -15.2 -1.4 -1.96 1.08 -1.73 37.427988 -122.174257 35.1 -7.4240 -5.0259 -2.2331 -1.145 0.543 -0.468
1.22 -34.0 -15.2 -1.4 -1.95 1.59 -1.92 37.427988 -122.174257 35.1 -6.9952 -5.0052 -2.3730 -1.165 0.526 -0.707
1.25 -36.5 -15.9 -3.7 -0.95 1.42 -1.99 37.427988 -122.174257 35.1 -5.4236 -4.6088 -0.9231 -1.197 0.499 -0.916
1.28 -36.5 -15.9 -3.7 -0.95 1.42 -1.99 37.427988 -122.174257 35.1 -1.0067 -1.6898 0.3090 -1.243 0.473 -1.001
1.31 -38.0 -13.7 0.3 -0.76 1.55 -1.99 37.427988 -122.174257 35.1 2.0762 1.0027 1.5297 -1.261 0.448 -0.929
1.35 -38.0 -13.7 0.3 -0.61 1.68 -1.99 37.427988 -122.174257 35.1 2.9549 1.3389 2.3620 -1.268 0.416 -0.837
1.38 -37.3 -11.9 1.9 -0.58 1.97 -1.99 37.427988 -122.174257 35.1 4.9045 1.8403 3.4853 -1.278 0.370 -0.695
1.41 -37.3 -11.9 1.9 -1.63 1.94 -2.01 37.427988 -122.174257 35.1 7.7039 2.6929 5.1239 -1.286 0.304 -0.476
1.44 -36.1 -3.9 0.3 -1.63 1.94 -2.01 37.427988 -122.174257 35.1 12.4596 7.4461 10.3821 -1.214 0.149 -0.009
1.47 -36.1 -3.9 0.3 -1.96 1.94 -0.79 37.427988 -122.174257 35.1 13.0491 13.1107 15.0670 -0.945 -0.013 0.493
1.50 -28.9 7.1 -9.0 -1.97 1.95 0.11 37.427988 -122.174257 35.1 6.7206 9.3591 11.5949 -0.578 -0.083 0.951
1.53 -28.9 7.1 -9.0 -1.98 1.72 0.88 37.427988 -122.174257 35.1 6.0582 1.4403 8.4146 -0.450 -0.070 1.262
1.56 -7.5 16.8 -28.7 -1.99 0.79 0.93 37.427988 -122.174257 35.1 3.9095 3.3526 2.9729 -0.347 0.037 1.515
1.60 -7.5 16.8 -28.7 -1.99 0.42 0.29 37.427988 -122.174257 35.1 1.9023 1.5682 1.0687 -0.269 0.109 1.605
1.63 3.2 13.8 -33.7 -1.20 0.14 -0.33 37.427988 -122.174257 35.1 1.4017 1.2363 0.8407 -0.234 0.143 1.641
1.66 3.2 13.8 -33.7 -0.27 0.13 -0.54 37.427988 -122.174257 35.1 0.4600 2.2022 0.3389 -0.191 0.165 1.661
1.69 10.4 8.8 -33.3 -0.03 0.30 -1.01 37.427988 -122.174257 35.1 -0.3508 1.6676 0.1189 -0.133 0.162 1.664
1.72 10.4 8.8 -33.3 -0.01 0.10 -0.98 37.427988 -122.174257 35.1 1.4350 1.7854 -0.9655 -0.058 0.181 1.647
1.75 13.0 6.9 -33.1 -0.12 0.03 -0.78 37.427988 -122.174257 35.1 2.1626 1.0077 -1.9993 -0.005 0.236 1.602
1.78 13.0 6.9 -33.1 -0.04 -0.09 -0.42 37.427988 -122.174257 35.1 2.9845 -0.2542 -1.8907 0.031 0.308 1.538
1.82 13.8 4.8 -33.1 -0.02 -0.59 -0.08 37.427988 -122.174257 35.1 0.9688 -0.8444 0.0366 -0.049 0.415 1.505
1.85 13.8 4.8 -33.1 -0.12 -0.45 -0.80 37.427988 -122.174257 35.1 -1.1811 2.1790 0.4291 -0.021 0.405 1.519
1.88 13.5 2.4 -33.1 0.08 -0.26 -0.87 37.427988 -122.174257 35.1 -1.4372 2.5579 0.2307 0.039 0.364 1.528
1.91 13.5 2.4 -33.1 0.30 -0.31 -1.14 37.427988 -122.174257 35.1 -1.7721 2.9926 0.4677 0.117 0.321 1.542
1.94 16.1 3.7 -32.2 0.01 -0.23 -1.21 37.427988 -122.174257 35.1 -1.3309 1.3595 0.9380 0.168 0.279 1.570
1.97 16.1 3.7 -32.2 0.02 -0.26 -1.03 37.427988 -122.174257 35.1 0.2247 0.2931 0.4055 0.178 0.269 1.600
2.00 21.7 5.4 -29.2 0.05 -0.32 -0.95 37.427988 -122.174257 35.1 0.2986 0.5657 0.3259 0.166 0.284 1.614
2.03 21.7 5.4 -29.2 0.03 -0.32 -0.94 37.427988 -122.174257 35.1 0.1666 1.0530 0.2867 0.183 0.294 1.623
2.06 22.8 4.5 -28.4 0.04 -0.30 -1.01 37.427988 -122.174257 35.1 -0.0641 0.4913 -0.0919 0.206 0.297 1.629
2.10 22.8 4.5 -28.4 0.16 -0.30 -1.01 37.427988 -122.174257 35.1 0.1950 1.0648 -0.1815 0.226 0.295 1.624
2.13 23.9 3.3 -27.2 0.29 -0.28 -0.95 37.427988 -122.174257 35.1 0.5220 1.6530 -0.3263 0.270 0.306 1.613
