iPhone Sensor Log from Crossbow started at Dec 14, 2011 1:46:17 AM Pacific Standard Time.
ElapsedTime(s) xMag(uT) yMag(uT) zMag(uT) xAccel(g) yAccel(g) zAccel(g) latitude(deg) longitude(deg) altitude(m) xRate(rad/sec) yRate(rad/sec) zRate(rad/sec) roll(rad) pitch(rad) yaw(rad)
0.03 20.5 2.9 -26.6 0.22 -0.24 -0.85 37.427957 -122.174328 34.8 -0.9566 -0.0063 0.4464 0.169 0.349 -2.369
0.07 21.4 3.5 -25.6 0.34 -0.27 -0.65 37.427957 -122.174328 34.8 -0.8637 0.9576 0.3182 0.182 0.329 -2.355
0.10 21.4 3.5 -25.6 0.29 -0.34 -1.06 37.427957 -122.174328 34.8 -1.5924 0.1756 0.5164 0.201 0.287 -2.329
0.13 22.4 3.5 -25.2 0.15 -0.25 -0.91 37.427957 -122.174328 34.8 -0.7343 -1.5210 0.0383 0.172 0.254 -2.313
0.16 22.4 3.5 -25.2 -0.03 -0.09 -0.94 37.427957 -122.174328 34.8 0.5311 0.3711 -0.3124 0.154 0.252 -2.320
0.19 22.3 4.1 -25.0 0.21 -0.28 -0.55 37.427957 -122.174328 34.8 -0.4975 0.1126 -1.1430 0.174 0.257 -2.342
0.22 22.3 4.1 -25.0 -0.12 0.06 -1.08 37.427957 -122.174328 34.8 -3.4241 -0.0929 -0.0656 0.169 0.131 -2.358
0.25 21.6 8.8 -24.7 0.04 -0.24 -1.21 37.427957 -122.174328 34.8 -3.8327 -3.1883 0.2456 0.108 0.030 -2.339
0.28 21.6 8.8 -24.7 -0.28 0.03 -1.02 37.427957 -122.174328 34.8 -3.0444 -4.2896 1.5907 -0.014 -0.068 -2.311
0.31 18.7 13.1 -26.0 0.19 0.07 -0.69 37.427957 -122.174328 34.8 0.3359 -1.5350 1.6916 -0.077 -0.099 -2.261
0.35 18.7 13.1 -26.0 -0.42 -0.03 -0.99 37.427957 -122.174328 34.8 -1.6287 1.2518 1.7209 -0.048 -0.107 -2.209
0.38 16.6 15.3 -26.6 -0.25 -0.08 -0.87 37.427957 -122.174328 34.8 -1.2208 0.9959 0.5599 -0.010 -0.150 -2.180
0.41 16.6 15.3 -26.6 -0.48 -0.23 -1.24 37.427957 -122.174328 34.8 -1.5667 -2.3569 -0.6072 -0.035 -0.184 -2.183
0.44 16.8 16.5 -26.2 -0.85 -0.37 -1.41 37.427957 -122.174328 34.8 -1.9274 -2.9863 0.6097 -0.118 -0.239 -2.194
0.47 16.8 16.5 -26.2 -1.25 -0.46 -1.99 37.427957 -122.174328 34.8 -2.5433 -2.5949 -0.2459 -0.255 -0.342 -2.218
0.50 15.0 18.8 -25.8 -1.20 -0.08 -1.99 37.427957 -122.174328 34.8 -2.8735 -0.8293 -0.1731 -0.317 -0.418 -2.240
0.53 15.0 18.8 -25.8 -1.23 0.39 -1.99 37.427957 -122.174328 34.8 -0.3810 0.5165 -0.1334 -0.322 -0.459 -2.261
0.56 10.5 22.5 -24.8 -1.45 0.60 -2.00 37.427957 -122.174328 34.8 2.6196 -0.5742 -0.2772 -0.317 -0.417 -2.251
0.60 10.5 22.5 -24.8 -1.94 0.93 -2.01 37.427957 -122.174328 34.8 3.5109 -2.2416 -1.7866 -0.373 -0.285 -2.251
0.63 7.4 21.1 -26.3 -1.95 1.64 -2.01 37.427957 -122.174328 34.8 4.0240 -2.9443 -2.8438 -0.453 -0.165 -2.268
0.66 7.4 21.1 -26.3 -1.95 1.93 -2.01 37.427957 -122.174328 34.8 5.5555 -2.6579 -4.1578 -0.534 0.003 -2.294
0.69 0.3 9.0 -29.9 -1.67 1.94 -2.01 37.427957 -122.174328 34.8 6.8800 -1.6731 -5.2014 -0.593 0.224 -2.310
0.72 0.3 9.0 -29.9 -1.15 1.96 -1.35 37.427957 -122.174328 34.8 8.2447 -1.2249 -5.8444 -0.636 0.664 -2.319
0.75 -2.1 -4.0 -27.6 -0.47 1.99 0.05 37.427957 -122.174328 34.8 8.3540 -2.4527 -6.1080 -0.705 0.952 -2.300
0.78 -2.1 -4.0 -27.6 0.14 1.87 0.06 37.427957 -122.174328 34.8 5.7150 -1.1730 -5.6491 -0.788 1.208 -2.270
0.82 3.9 -18.9 -14.6 0.86 1.44 -0.31 37.427957 -122.174328 34.8 3.4341 1.0666 -5.0239 -0.652 1.392 -2.397
0.85 3.9 -18.9 -14.6 0.99 0.87 0.26 37.427957 -122.174328 34.8 4.0618 -2.3337 -3.8042 1.518 1.519 1.685
0.88 8.8 -18.7 -9.1 0.80 0.51 0.14 37.427957 -122.174328 34.8 3.3135 -2.5731 -2.6623 2.148 1.399 0.975
0.91 8.8 -18.7 -9.1 0.86 0.27 0.13 37.427957 -122.174328 34.8 2.5899 -0.9576 -1.8042 2.236 1.305 0.838
0.94 10.1 -15.8 -6.7 0.84 0.06 0.58 37.427957 -122.174328 34.8 2.9300 -0.3603 -1.2179 2.320 1.223 0.735
0.97 10.1 -15.8 -6.7 0.71 -0.18 0.84 37.427957 -122.174328 34.8 2.8613 -1.2293 -0.5897 2.420 1.117 0.589
1.00 9.5 -14.8 -5.8 0.65 -0.33 0.83 37.427957 -122.174328 34.8 1.8352 -0.7898 -0.4583 2.460 1.040 0.500
1.03 9.5 -14.8 -5.8 0.62 -0.42 0.65 37.427957 -122.174328 34.8 1.0289 -0.7524 -0.4248 2.464 1.001 0.472
1.06 8.8 -15.5 -6.0 0.72 -0.47 0.47 37.427957 -122.174328 34.8 0.4336 -0.6587 -0.4719 2.445 0.976 0.470
1.10 8.8 -15.5 -6.0 0.72 -0.47 0.47 37.427957 -122.174328 34.8 0.6321 -0.5854 -0.1287 2.398 0.914 0.489
1.13 8.6 -15.8 -5.8 0.65 -0.50 0.60 37.427957 -122.174328 34.8 0.6575 -0.5695 0.1953 2.400 0.895 0.466
1.16 8.6 -15.8 -5.8 0.59 -0.57 0.57 37.427957 -122.174328 34.8 0.4008 -0.4494 0.3298 2.400 0.878 0.445
1.19 8.2 -16.3 -5.8 0.58 -0.63 0.54 37.427957 -122.174328 34.8 0.4160 -0.4839 0.3409 2.399 0.863 0.427
1.22 8.2 -16.3 -5.8 0.55 -0.73 0.52 37.427957 -122.174328 34.8 0.3337 -0.6622 0.5123 2.400 0.862 0.395
1.25 7.0 -16.8 -5.3 0.52 -0.79 0.56 37.427957 -122.174328 34.8 0.1845 -0.5712 0.6436 2.402 0.869 0.359
1.28 7.0 -16.8 -5.3 0.44 -0.84 0.46 37.427957 -122.174328 34.8 -0.0044 -0.3265 0.7366 2.410 0.881 0.333
1.32 6.3 -17.6 -4.4 0.41 -0.84 0.45 37.427957 -122.174328 34.8 0.0783 -0.2711 0.7220 2.421 0.894 0.308
1.35 6.3 -17.6 -4.4 0.41 -0.78 0.53 37.427957 -122.174328 34.8 0.0236 -0.1890 0.8391 2.447 0.910 0.267
1.38 5.8 -18.5 -3.5 0.29 -0.74 0.50 37.427957 -122.174328 34.8 -0.0795 -0.1719 0.6900 2.464 0.925 0.240
1.41 5.8 -18.5 -3.5 0.31 -0.72 0.52 37.427957 -122.174328 34.8 -0.0211 -0.4627 0.7578 2.477 0.937 0.213
1.44 5.5 -18.3 -2.6 0.22 -0.73 0.59 37.427957 -122.174328 34.8 0.0296 -0.6424 0.9559 2.489 0.951 0.178
1.47 5.5 -18.3 -2.6 0.18 -0.78 0.50 37.427957 -122.174328 34.8 -0.1927 -0.3790 0.9755 2.509 0.977 0.130
1.50 3.8 -18.7 -3.0 0.24 -0.75 0.59 37.427957 -122.174328 34.8 0.0663 -0.5324 0.9348 2.546 0.994 0.073
1.53 3.8 -18.7 -3.0 0.23 -0.72 0.68 37.427957 -122.174328 34.8 -0.1272 -0.6112 1.1235 2.571 1.008 0.024
1.56 2.5 -19.3 -2.9 0.19 -0.73 0.58 37.427957 -122.174328 34.8 -0.4777 -0.4512 1.1256 2.595 1.031 -0.021
1.60 2.5 -19.3 -2.9 0.24 -0.70 0.52 37.427957 -122.174328 34.8 -0.4918 -0.5756 1.0351 2.614 1.058 -0.058
1.63 2.3 -19.2 -2.0 0.13 -0.71 0.56 37.427957 -122.174328 34.8 -0.4601 -1.0335 1.3549 2.636 1.094 -0.122
1.66 2.3 -19.2 -2.0 0.04 -0.76 0.46 37.427957 -122.174328 34.8 -0.5983 -0.7490 1.5330 2.669 1.126 -0.187
1.69 1.8 -19.5 -2.5 0.03 -0.78 0.38 37.427957 -122.174328 34.8 -0.5237 -0.9048 1.5197 2.716 1.159 -0.263
1.72 1.8 -19.5 -2.5 -0.09 -0.79 0.51 37.427957 -122.174328 34.8 -0.3584 -1.0934 1.7071 2.803 1.193 -0.399
1.75 0.5 -20.7 -3.1 -0.14 -0.82 0.33 37.427957 -122.174328 34.8 -0.7314 -0.8500 1.7063 2.915 1.232 -0.556
1.78 0.5 -20.7 -3.1 -0.21 -0.81 0.30 37.427957 -122.174328 34.8 -0.5822 -0.9874 1.7613 3.020 1.258 -0.696
1.81 -3.5 -23.1 -2.2 -0.25 -0.82 0.36 37.427957 -122.174328 34.8 -0.5693 -0.8739 1.7619 -3.137 1.276 -0.855
1.85 -3.5 -23.1 -2.2 -0.35 -0.80 0.31 37.427957 -122.174328 34.8 -0.8019 -0.8231 1.6784 -2.936 1.295 -1.098
1.88 -4.8 -23.5 -1.8 -0.31 -0.73 0.33 37.427957 -122.174328 34.8 -0.9170 -0.5757 1.5327 -2.781 1.305 -1.280
1.91 -4.8 -23.5 -1.8 -0.25 -0.59 0.26 37.427957 -122.174328 34.8 -1.1613 -0.2361 1.4270 -2.602 1.314 -1.475
1.94 -7.4 -22.8 -3.1 -0.22 -0.50 0.34 37.427957 -122.174328 34.8 -1.1417 -0.4162 1.3777 -2.420 1.317 -1.672
1.97 -7.4 -22.8 -3.1 -0.18 -0.35 0.43 37.427957 -122.174328 34.8 -1.4133 -0.5339 1.3120 -2.181 1.310 -1.942
2.00 -10.1 -22.1 -4.4 -0.25 -0.24 0.29 37.427957 -122.174328 34.8 -1.9063 -0.5850 1.4881 -1.905 1.292 -2.246
2.03 -10.1 -22.1 -4.4 -0.45 -0.07 0.26 37.427957 -122.174328 34.8 -2.1599 -0.5675 1.6701 -1.706 1.262 -2.472
2.07 -14.0 -20.9 -6.6 -0.46 0.19 0.19 37.427957 -122.174328 34.8 -2.4788 -0.1818 1.5820 -1.519 1.219 -2.680
2.10 -14.0 -20.9 -6.6 -0.44 0.39 0.11 37.427957 -122.174328 34.8 -2.7518 -0.0523 1.6096 -1.355 1.165 -2.859
2.13 -17.3 -18.7 -9.5 -0.55 0.56 0.25 37.427957 -122.174328 34.8 -2.9979 -0.8346 1.8037 -1.201 1.071 -3.053
2.16 -17.3 -18.7 -9.5 -0.47 0.94 0.95 37.427957 -122.174328 34.8 -3.0351 -0.7905 1.9451 -1.129 0.990 3.122
2.19 -20.7 -14.5 -12.8 -1.28 1.26 0.33 37.427957 -122.174328 34.8 -4.3818 -1.9319 2.8840 -1.083 0.885 3.018
2.22 -20.7 -14.5 -12.8 -1.97 1.43 -0.78 37.427957 -122.174328 34.8 -6.1660 -4.7950 4.0969 -1.102 0.672 2.852
2.25 -27.3 -2.7 -9.9 -1.96 1.09 -1.86 37.427957 -122.174328 34.8 -6.0385 -3.4002 5.2049 -1.178 0.411 2.689
2.28 -27.3 -2.7 -9.9 -1.97 0.19 -2.00 37.427957 -122.174328 34.8 -4.9199 -1.7979 3.4346 -1.213 0.245 2.592
2.31 -30.7 6.5 -2.5 -1.98 -0.25 -2.00 37.427957 -122.174328 34.8 -4.8003 -1.6670 1.9214 -1.246 0.139 2.484
2.35 -30.7 6.5 -2.5 -1.82 -0.32 -2.00 37.427957 -122.174328 34.8 -3.0640 -0.5429 1.4165 -1.267 0.065 2.397
2.38 -31.3 16.0 7.6 -1.50 -0.28 -1.26 37.427957 -122.174328 34.8 -0.5114 0.9772 0.9092 -1.250 0.005 2.349
2.41 -31.3 16.0 7.6 -1.34 -0.18 -0.70 37.427957 -122.174328 34.8 0.6668 0.9172 0.7612 -1.223 -0.014 2.366
2.44 -30.9 18.2 10.1 -1.26 -0.09 -0.68 37.427957 -122.174328 34.8 0.4261 0.5394 0.5963 -1.203 -0.026 2.388
2.47 -30.9 18.2 10.1 -1.03 -0.03 -0.62 37.427957 -122.174328 34.8 0.2281 0.5437 0.2119 -1.184 -0.036 2.402
2.50 -30.6 19.0 9.2 -0.90 0.02 -0.59 37.427957 -122.174328 34.8 0.3329 0.5670 0.1375 -1.158 -0.035 2.414
2.53 -30.6 19.0 9.2 -0.92 0.09 -0.64 37.427957 -122.174328 34.8 0.4011 0.3623 0.2588 -1.141 -0.037 2.426
2.57 -30.3 20.4 7.4 -0.85 0.10 -0.58 37.427957 -122.174328 34.8 0.6093 0.3470 0.3049 -1.127 -0.040 2.443
2.60 -30.3 20.4 7.4 -0.89 0.11 -0.58 37.427957 -122.174328 34.8 0.8038 0.7233 0.3905 -1.108 -0.040 2.467
2.63 -29.6 21.1 4.3 -0.91 0.10 -0.60 37.427957 -122.174328 34.8 0.7670 0.7755 0.4021 -1.078 -0.040 2.500
2.66 -29.6 21.1 4.3 -0.68 0.16 -0.66 37.427957 -122.174328 34.8 0.8348 0.8737 0.1699 -1.054 -0.036 2.524
2.69 -29.5 21.8 1.4 -0.53 0.20 -0.73 37.427957 -122.174328 34.8 0.7809 0.9831 0.1392 -1.025 -0.028 2.545
2.72 -29.5 21.8 1.4 -0.51 0.23 -0.83 37.427957 -122.174328 34.8 0.8695 1.0376 0.3058 -0.995 -0.022 2.568
2.75 -29.3 22.4 -1.8 -0.50 0.31 -0.89 37.427957 -122.174328 34.8 1.0973 0.7137 0.7847 -0.938 -0.028 2.623
2.78 -29.3 22.4 -1.8 -0.25 0.43 -1.00 37.427957 -122.174328 34.8 1.2111 0.8482 0.8260 -0.915 -0.028 2.663
2.81 -29.0 22.6 -3.7 -0.28 0.47 -1.07 37.427957 -122.174328 34.8 1.2678 1.0780 1.0840 -0.886 -0.026 2.706
2.85 -29.0 22.6 -3.7 -0.34 0.56 -1.16 37.427957 -122.174328 34.8 1.4867 1.2517 1.4806 -0.853 -0.029 2.760
2.88 -27.5 24.1 -6.4 -0.20 0.66 -1.33 37.427957 -122.174328 34.8 1.4599 1.8079 1.7040 -0.792 -0.037 2.842
2.91 -27.5 24.1 -6.4 -0.19 0.83 -1.37 37.427957 -122.174328 34.8 1.6630 1.9313 1.9604 -0.737 -0.040 2.908
2.94 -23.5 26.0 -14.2 -0.18 0.98 -1.50 37.427957 -122.174328 34.8 1.7737 2.1532 2.4189 -0.677 -0.043 2.988
2.97 -23.5 26.0 -14.2 -0.18 0.98 -1.50 37.427957 -122.174328 34.8 1.8817 2.2152 2.8293 -0.612 -0.047 3.077
3.00 -18.8 25.5 -19.1 -0.18 1.19 -1.36 37.427957 -122.174328 34.8 2.0575 2.2742 3.4677 -0.503 -0.043 -3.027
3.03 -18.8 25.5 -19.1 0.43 1.56 -1.62 37.427957 -122.174328 34.8 1.7724 2.1618 4.1858 -0.435 -0.045 -2.909
3.06 -7.4 23.8 -25.2 -0.63 1.97 -1.68 37.427957 -122.174328 34.8 2.3946 1.2757 5.8631 -0.381 -0.046 -2.756
3.10 -7.4 23.8 -25.2 -0.63 1.97 -1.68 37.427957 -122.174328 34.8 3.3326 1.4983 7.4188 -0.338 -0.037 -2.547
3.13 0.9 20.0 -28.6 -1.42 1.95 -1.34 37.427957 -122.174328 34.8 3.1198 3.4460 7.2433 -0.237 0.001 -2.246
3.16 0.9 20.0 -28.6 -1.95 1.84 -1.26 37.427957 -122.174328 34.8 2.9049 2.9618 6.7286 -0.147 0.044 -2.041
3.19 12.3 6.4 -28.3 -1.98 1.04 -0.50 37.427957 -122.174328 34.8 2.7223 2.0786 5.3797 -0.095 0.103 -1.863
3.22 12.3 6.4 -28.3 -1.69 0.61 -0.39 37.427957 -122.174328 34.8 1.4664 2.8728 3.3456 -0.043 0.152 -1.743
3.25 17.8 -1.8 -26.0 -1.18 0.34 -0.59 37.427957 -122.174328 34.8 0.1657 2.4151 1.9385 0.088 0.182 -1.629
3.28 17.8 -1.8 -26.0 -0.81 0.24 -0.47 37.427957 -122.174328 34.8 0.6881 0.0951 1.0808 0.105 0.197 -1.587
3.31 22.6 -7.0 -23.0 -0.43 0.22 -0.30 37.427957 -122.174328 34.8 0.2745 0.7732 0.2645 0.111 0.215 -1.573
3.35 22.6 -7.0 -23.0 -0.29 -0.12 -1.07 37.427957 -122.174328 34.8 -0.0663 2.2143 -0.8563 0.153 0.211 -1.577
3.38 25.2 -8.9 -21.6 -0.15 -0.11 -0.82 37.427957 -122.174328 34.8 1.4752 -0.8947 -1.6453 0.182 0.235 -1.636
3.41 25.2 -8.9 -21.6 0.12 -0.33 -0.87 37.427957 -122.174328 34.8 1.5076 -1.1820 -1.3914 0.163 0.271 -1.690
3.44 25.4 -9.3 -21.0 -0.07 -0.25 -1.00 37.427957 -122.174328 34.8 0.1919 -1.5643 0.5884 0.141 0.300 -1.707
3.47 25.4 -9.3 -21.0 0.03 -0.25 -1.06 37.427957 -122.174328 34.8 -0.4426 -0.5018 0.3241 0.108 0.294 -1.687
3.50 24.5 -8.6 -21.4 0.19 -0.19 -1.29 37.427957 -122.174328 34.8 0.0692 -0.5533 0.0659 0.093 0.272 -1.683
3.53 24.5 -8.6 -21.4 -0.05 -0.19 -0.91 37.427957 -122.174328 34.8 1.4007 -1.0058 0.4055 0.056 0.291 -1.673
3.56 23.5 -8.9 -22.2 0.01 -0.30 -0.68 37.427957 -122.174328 34.8 1.4540 -0.2190 0.1631 0.036 0.334 -1.667
3.60 23.5 -8.9 -22.2 0.03 -0.34 -0.74 37.427957 -122.174328 34.8 0.9293 0.3052 0.4712 0.039 0.367 -1.659
3.63 23.3 -10.6 -22.8 0.12 -0.35 -0.98 37.427957 -122.174328 34.8 0.2578 -0.2237 0.1482 0.042 0.374 -1.652
3.66 23.3 -10.6 -22.8 0.02 -0.30 -0.87 37.427957 -122.174328 34.8 0.3792 0.1760 0.4172 0.034 0.372 -1.641
3.69 24.0 -11.9 -22.4 0.12 -0.36 -0.87 37.427957 -122.174328 34.8 0.1646 0.8465 0.3612 0.047 0.382 -1.630
3.72 24.0 -11.9 -22.4 0.15 -0.35 -0.99 37.427957 -122.174328 34.8 -0.2433 0.5822 0.1689 0.067 0.379 -1.623
3.75 23.7 -12.8 -21.3 0.12 -0.31 -0.96 37.427957 -122.174328 34.8 0.2391 -0.1357 -0.0552 0.082 0.361 -1.625
3.78 23.7 -12.8 -21.3 0.12 -0.31 -0.82 37.427957 -122.174328 34.8 0.2260 0.0052 0.0423 0.079 0.369 -1.626
3.81 23.8 -13.6 -21.3 0.23 -0.37 -0.86 37.427957 -122.174328 34.8 -0.1327 0.3321 -0.0694 0.106 0.373 -1.634
3.85 23.8 -13.6 -21.3 0.14 -0.31 -0.96 37.427957 -122.174328 34.8 -0.3785 0.2576 -0.0333 0.129 0.359 -1.639
3.88 24.4 -13.9 -21.1 0.17 -0.32 -0.92 37.427957 -122.174328 34.8 -0.1787 0.5086 0.1935 0.146 0.345 -1.636
3.91 24.4 -13.9 -21.1 0.26 -0.35 -0.91 37.427957 -122.174328 34.8 -0.1757 0.7355 0.2281 0.169 0.343 -1.631
3.94 24.1 -13.3 -19.6 0.19 -0.29 -1.02 37.427957 -122.174328 34.8 -0.2825 0.4016 0.1124 0.183 0.337 -1.626
3.97 24.1 -13.3 -19.6 0.15 -0.32 -0.94 37.427957 -122.174328 34.8 0.0090 0.1924 0.2041 0.186 0.330 -1.620
4.00 24.5 -13.5 -20.0 0.18 -0.35 -0.81 37.427957 -122.174328 34.8 0.4710 0.2792 0.2414 0.189 0.348 -1.612
4.03 24.5 -13.5 -20.0 0.17 -0.33 -0.87 37.427957 -122.174328 34.8 0.0309 0.5088 0.0413 0.206 0.358 -1.608
4.07 25.2 -14.0 -19.7 0.22 -0.34 -0.87 37.427957 -122.174328 34.8 -0.0601 0.3159 -0.0248 0.217 0.358 -1.609
4.10 25.2 -14.0 -19.7 0.24 -0.35 -0.93 37.427957 -122.174328 34.8 -0.0925 0.7013 0.0868 0.234 0.356 -1.608
4.13 25.2 -14.5 -17.4 0.26 -0.36 -0.96 37.427957 -122.174328 34.8 0.1886 0.8990 0.0536 0.265 0.359 -1.606
4.16 25.2 -14.5 -17.4 0.41 -0.33 -0.86 37.427957 -122.174328 34.8 0.4278 1.1489 -0.0316 0.295 0.367 -1.608
