iPhone Sensor Log from Crossbow started at Dec 14, 2011 1:49:06 AM Pacific Standard Time.
ElapsedTime(s) xMag(uT) yMag(uT) zMag(uT) xAccel(g) yAccel(g) zAccel(g) latitude(deg) longitude(deg) altitude(m) xRate(rad/sec) yRate(rad/sec) zRate(rad/sec) roll(rad) pitch(rad) yaw(rad)
0.03 31.1 -2.5 -14.3 0.52 -0.31 -0.88 37.427957 -122.174328 34.8 -0.5749 -0.7034 0.0695 0.505 0.279 -2.093
0.06 30.7 -1.3 -14.5 0.63 -0.26 -0.91 37.427957 -122.174328 34.8 -0.4637 0.1376 -0.0039 0.498 0.269 -2.087
0.10 30.7 -1.3 -14.5 0.62 -0.32 -0.84 37.427957 -122.174328 34.8 -0.3814 0.4941 0.1765 0.509 0.260 -2.080
0.13 31.4 -0.9 -14.9 0.38 -0.17 -0.76 37.427957 -122.174328 34.8 -0.4044 -0.1843 -0.1015 0.514 0.251 -2.066
0.16 31.4 -0.9 -14.9 0.48 -0.09 -0.46 37.427957 -122.174328 34.8 -0.2720 -1.0268 -0.9040 0.497 0.236 -2.080
0.19 31.4 -0.3 -15.2 0.47 -0.04 -0.82 37.427957 -122.174328 34.8 -1.0567 -0.9641 -0.8995 0.465 0.207 -2.096
0.22 31.4 -0.3 -15.2 0.22 -0.05 -0.58 37.427957 -122.174328 34.8 -1.4972 -0.2074 -0.0777 0.446 0.155 -2.084
0.25 30.6 0.4 -15.5 0.30 -0.02 -0.53 37.427957 -122.174328 34.8 -2.9691 0.5518 -0.8071 0.455 0.071 -2.061
0.28 30.6 0.4 -15.5 0.20 0.05 -1.06 37.427957 -122.174328 34.8 -3.4459 1.3820 -0.4768 0.485 -0.024 -2.038
0.31 30.5 5.6 -14.9 0.28 -0.08 -1.08 37.427957 -122.174328 34.8 -2.3496 -1.1162 -0.7192 0.485 -0.101 -2.014
0.35 30.5 5.6 -14.9 0.16 0.10 -1.05 37.427957 -122.174328 34.8 -0.7432 -3.1879 -0.4581 0.413 -0.144 -2.013
0.38 30.0 8.5 -14.9 -0.18 0.01 -1.60 37.427957 -122.174328 34.8 -1.9922 -2.2110 0.3720 0.305 -0.187 -2.001
0.41 30.0 8.5 -14.9 -0.43 -0.13 -1.98 37.427957 -122.174328 34.8 -2.1834 -2.1393 0.6473 0.260 -0.242 -1.965
0.44 28.0 10.4 -17.1 -0.21 -0.46 -1.97 37.427957 -122.174328 34.8 -0.4793 -1.9301 -0.2338 0.206 -0.277 -1.950
0.47 28.0 10.4 -17.1 -0.66 -0.42 -1.98 37.427957 -122.174328 34.8 0.9698 -0.8020 -0.7787 0.183 -0.234 -1.991
0.50 24.6 11.8 -20.4 -0.68 -0.24 -1.98 37.427957 -122.174328 34.8 1.8916 -0.5433 -1.6601 0.147 -0.198 -2.050
0.53 24.6 11.8 -20.4 -1.13 -0.05 -1.99 37.427957 -122.174328 34.8 2.9056 -2.1480 -1.8816 0.091 -0.136 -2.110
0.56 22.6 11.7 -22.6 -0.80 0.58 -1.99 37.427957 -122.174328 34.8 2.9169 -2.6524 -2.9193 0.002 -0.054 -2.177
0.60 22.6 11.7 -22.6 -0.59 1.40 -1.99 37.427957 -122.174328 34.8 3.9032 0.0531 -3.1697 -0.018 0.040 -2.266
0.63 17.4 9.0 -25.7 -0.59 1.40 -1.99 37.427957 -122.174328 34.8 4.7201 -1.1317 -2.1205 -0.031 0.214 -2.363
0.66 17.4 9.0 -25.7 -0.27 1.80 -1.99 37.427957 -122.174328 34.8 5.7403 -0.3218 -2.6954 -0.031 0.357 -2.430
0.69 14.3 3.6 -26.9 -0.00 1.81 -1.24 37.427957 -122.174328 34.8 7.5522 -0.6865 -2.7457 -0.008 0.555 -2.510
0.72 14.3 3.6 -26.9 0.17 1.61 -0.39 37.427957 -122.174328 34.8 6.0485 -0.2248 -1.9849 0.047 0.805 -2.631
0.75 14.1 -8.3 -22.9 0.06 1.24 0.06 37.427957 -122.174328 34.8 4.4898 -0.4681 -1.6808 0.132 0.990 -2.759
0.78 14.1 -8.3 -22.9 0.35 1.06 0.32 37.427957 -122.174328 34.8 4.2441 0.0507 -1.6003 0.250 1.097 -2.897
0.81 15.2 -14.7 -17.6 0.59 0.79 0.83 37.427957 -122.174328 34.8 3.9687 -1.0741 -1.1196 0.392 1.196 -3.072
0.85 15.2 -14.7 -17.6 0.49 0.57 1.09 37.427957 -122.174328 34.8 2.9705 -1.3561 -0.3583 0.527 1.272 3.031
0.88 14.7 -16.7 -12.7 0.32 0.42 1.09 37.427957 -122.174328 34.8 1.7733 -1.5180 0.0911 0.651 1.339 2.847
0.91 14.7 -16.7 -12.7 0.33 0.14 1.19 37.427957 -122.174328 34.8 1.5362 -2.0290 0.4828 0.705 1.380 2.739
0.94 13.3 -17.4 -11.1 0.09 0.12 1.38 37.427957 -122.174328 34.8 0.8598 -2.7017 1.0117 0.659 1.420 2.716
0.97 13.3 -17.4 -11.1 -0.19 0.18 1.18 37.427957 -122.174328 34.8 -1.4572 -2.4921 0.9914 0.285 1.429 2.995
1.00 10.9 -20.6 -11.7 -0.26 0.31 0.65 37.427957 -122.174328 34.8 -2.5142 -3.0629 0.9250 -0.052 1.350 -3.048
1.03 10.9 -20.6 -11.7 -0.28 0.44 0.51 37.427957 -122.174328 34.8 -3.0236 -3.5318 1.2032 -0.217 1.269 -2.976
1.06 7.8 -22.1 -14.8 -0.62 0.68 0.50 37.427957 -122.174328 34.8 -3.5868 -3.7242 1.2516 -0.344 1.171 -2.950
1.10 7.8 -22.1 -14.8 -0.82 0.95 0.15 37.427957 -122.174328 34.8 -5.1296 -3.5525 0.9350 -0.410 1.047 -2.989
1.13 3.1 -21.8 -19.0 -0.91 1.21 -0.79 37.427957 -122.174328 34.8 -7.0735 -3.3738 0.7942 -0.444 0.821 -3.108
1.16 3.1 -21.8 -19.0 -1.27 1.10 -2.00 37.427957 -122.174328 34.8 -7.4002 -3.6454 1.3560 -0.485 0.621 3.089
1.19 -6.8 -12.7 -26.2 -1.40 0.80 -2.00 37.427957 -122.174328 34.8 -5.8900 -3.6730 1.6357 -0.555 0.441 3.027
1.22 -6.8 -12.7 -26.2 -1.08 0.47 -1.99 37.427957 -122.174328 34.8 -5.2295 -2.2824 1.7517 -0.625 0.288 2.980
1.25 -13.6 -1.3 -27.9 -0.95 0.35 -1.99 37.427957 -122.174328 34.8 -3.4682 -0.4892 1.9354 -0.652 0.076 2.925
1.28 -13.6 -1.3 -27.9 -0.84 0.12 -1.98 37.427957 -122.174328 34.8 -2.1609 -1.0794 1.8713 -0.675 -0.017 2.920
1.31 -19.5 13.6 -24.7 -0.48 0.18 -1.98 37.427957 -122.174328 34.8 -0.5374 -0.6349 1.8409 -0.701 -0.074 2.938
1.35 -19.5 13.6 -24.7 -0.17 0.26 -1.97 37.427957 -122.174328 34.8 0.5737 0.2958 2.2629 -0.699 -0.109 2.984
1.38 -19.9 20.0 -23.1 -0.16 0.50 -1.98 37.427957 -122.174328 34.8 1.8598 0.1692 3.0026 -0.673 -0.133 3.093
1.41 -19.9 20.0 -23.1 -0.20 0.81 -1.74 37.427957 -122.174328 34.8 2.3415 -0.1124 3.4540 -0.660 -0.142 -3.080
1.44 -16.6 23.6 -25.3 0.05 1.25 -1.70 37.427957 -122.174328 34.8 2.5645 -0.0379 3.6339 -0.644 -0.147 -2.957
1.47 -16.6 23.6 -25.3 0.05 1.83 -1.93 37.427957 -122.174328 34.8 2.8259 0.0299 4.0432 -0.626 -0.149 -2.826
1.50 -12.1 22.6 -28.3 -0.73 1.97 -1.40 37.427957 -122.174328 34.8 4.7692 2.5832 6.7336 -0.533 -0.140 -2.514
1.53 -12.1 22.6 -28.3 -1.96 1.94 -0.78 37.427957 -122.174328 34.8 4.5670 4.9493 7.3694 -0.388 -0.114 -2.273
1.56 -4.6 17.9 -31.1 -1.97 1.09 -0.89 37.427957 -122.174328 34.8 3.5280 5.4048 6.7541 -0.220 -0.066 -2.052
1.60 -4.6 17.9 -31.1 -1.98 0.64 -0.59 37.427957 -122.174328 34.8 3.2279 3.0501 5.3601 -0.094 -0.003 -1.871
1.63 9.2 4.9 -32.5 -1.93 0.34 -0.11 37.427957 -122.174328 34.8 3.2158 1.3790 2.4402 -0.039 0.109 -1.729
1.66 9.2 4.9 -32.5 -1.57 0.22 -0.20 37.427957 -122.174328 34.8 2.0349 1.8534 1.3900 0.001 0.181 -1.678
1.69 15.4 -3.7 -31.0 -0.77 -0.09 -0.64 37.427957 -122.174328 34.8 1.3796 1.5870 -0.6799 0.045 0.223 -1.671
1.72 15.4 -3.7 -31.0 -0.34 -0.20 -0.73 37.427957 -122.174328 34.8 1.8655 -0.0279 -1.7677 0.071 0.266 -1.714
1.75 18.1 -11.2 -28.1 -0.03 -0.20 -0.25 37.427957 -122.174328 34.8 0.6041 -2.7520 -1.4083 0.069 0.350 -1.832
1.78 18.1 -11.2 -28.1 -0.09 -0.07 -1.37 37.427957 -122.174328 34.8 -1.4534 0.0444 -0.5702 0.038 0.336 -1.861
1.81 18.1 -12.9 -27.0 0.00 -0.04 -1.31 37.427957 -122.174328 34.8 -3.3815 -0.0762 -0.4438 0.069 0.255 -1.865
1.85 18.1 -12.9 -27.0 -0.05 -0.09 -1.24 37.427957 -122.174328 34.8 -0.8231 0.4896 -0.1530 0.076 0.199 -1.871
1.88 18.0 -11.2 -28.2 -0.04 -0.27 -0.69 37.427957 -122.174328 34.8 1.8395 0.3074 -0.1265 0.108 0.234 -1.877
1.91 18.0 -11.2 -28.2 0.46 -0.34 -0.92 37.427957 -122.174328 34.8 1.0159 -0.4043 -0.9059 0.112 0.273 -1.894
1.94 18.4 -10.1 -29.7 0.31 -0.10 -1.11 37.427957 -122.174328 34.8 0.4798 -1.1424 -1.2899 0.096 0.291 -1.940
1.97 18.4 -10.1 -29.7 0.30 -0.15 -0.97 37.427957 -122.174328 34.8 -0.0129 0.7932 -0.7023 0.105 0.289 -1.968
2.00 18.7 -10.9 -29.1 0.32 -0.30 -0.82 37.427957 -122.174328 34.8 0.6887 0.3576 -0.6470 0.151 0.308 -1.994
2.03 18.7 -10.9 -29.1 0.39 -0.23 -1.05 37.427957 -122.174328 34.8 0.0532 0.1346 -0.8494 0.164 0.313 -2.019
2.06 19.1 -11.6 -28.5 0.30 -0.33 -0.97 37.427957 -122.174328 34.8 0.1004 0.8026 -0.3373 0.182 0.310 -2.036
2.10 19.1 -11.6 -28.5 0.23 -0.37 -0.83 37.427957 -122.174328 34.8 0.9463 1.4806 -0.1841 0.220 0.326 -2.045
2.13 20.7 -12.0 -28.5 0.23 -0.37 -0.83 37.427957 -122.174328 34.8 1.3547 1.4869 -0.2940 0.267 0.357 -2.062
