iPhone Sensor Log from Crossbow started at Dec 14, 2011 1:47:04 AM Pacific Standard Time.
ElapsedTime(s) xMag(uT) yMag(uT) zMag(uT) xAccel(g) yAccel(g) zAccel(g) latitude(deg) longitude(deg) altitude(m) xRate(rad/sec) yRate(rad/sec) zRate(rad/sec) roll(rad) pitch(rad) yaw(rad)
0.03 22.6 -1.7 -26.9 0.07 -0.05 -1.03 37.427957 -122.174328 34.8 -0.3449 -0.2583 0.8738 0.146 0.047 -1.630
0.07 23.0 -2.4 -26.7 0.07 -0.06 -0.98 37.427957 -122.174328 34.8 -0.0957 -0.5719 0.6948 0.117 0.043 -1.598
0.10 23.0 -2.4 -26.7 0.08 -0.09 -0.95 37.427957 -122.174328 34.8 -0.2185 -0.0215 0.3863 0.108 0.042 -1.584
0.13 23.5 -2.9 -27.4 0.05 -0.06 -0.95 37.427957 -122.174328 34.8 -0.4485 0.3492 0.1785 0.114 0.036 -1.575
0.16 23.5 -2.9 -27.4 -0.00 0.00 -1.03 37.427957 -122.174328 34.8 -0.8076 -0.5929 -0.0996 0.105 0.019 -1.572
0.19 23.4 -2.7 -27.6 0.02 -0.00 -1.27 37.427957 -122.174328 34.8 -1.1560 -0.6339 -0.5356 0.072 -0.020 -1.583
0.22 23.4 -2.7 -27.6 0.07 0.04 -1.14 37.427957 -122.174328 34.8 -0.5988 0.2388 -0.7934 0.067 -0.055 -1.605
0.25 22.6 -0.5 -27.8 -0.06 -0.05 -1.22 37.427957 -122.174328 34.8 -0.5481 0.0530 -0.5941 0.072 -0.070 -1.624
0.28 22.6 -0.5 -27.8 -0.06 -0.05 -1.22 37.427957 -122.174328 34.8 -0.3532 -0.7169 -0.7524 0.059 -0.084 -1.639
0.31 22.0 0.9 -28.0 -0.17 0.01 -1.20 37.427957 -122.174328 34.8 -0.2520 -0.4722 -1.7620 0.036 -0.094 -1.676
0.35 22.0 0.9 -28.0 -0.08 0.05 -1.10 37.427957 -122.174328 34.8 -0.3356 0.6179 -2.2082 0.034 -0.105 -1.755
0.38 21.4 4.1 -28.0 -0.15 0.03 -1.19 37.427957 -122.174328 34.8 -0.5258 0.8228 -2.5758 0.047 -0.120 -1.820
0.41 21.4 4.1 -28.0 -0.19 0.04 -1.13 37.427957 -122.174328 34.8 -0.3710 1.1110 -3.1631 0.064 -0.137 -1.901
0.44 20.8 7.7 -27.3 -0.09 0.15 -1.08 37.427957 -122.174328 34.8 -0.1503 1.2486 -3.1805 0.094 -0.154 -2.023
0.47 20.8 7.7 -27.3 -0.18 0.15 -1.14 37.427957 -122.174328 34.8 0.4130 0.8158 -2.9117 0.114 -0.162 -2.133
0.50 20.0 13.4 -23.7 -0.10 0.15 -1.04 37.427957 -122.174328 34.8 0.9102 0.9025 -3.3328 0.122 -0.152 -2.225
0.53 20.0 13.4 -23.7 0.08 0.19 -0.97 37.427957 -122.174328 34.8 0.9648 1.3016 -3.2884 0.141 -0.138 -2.323
0.56 18.9 15.8 -23.2 0.11 0.22 -0.93 37.427957 -122.174328 34.8 1.1095 0.6718 -2.4777 0.157 -0.121 -2.405
0.60 18.9 15.8 -23.2 0.09 0.19 -0.91 37.427957 -122.174328 34.8 1.0717 0.3880 -1.8146 0.165 -0.092 -2.489
0.63 16.4 16.8 -24.5 0.21 0.20 -0.92 37.427957 -122.174328 34.8 0.6328 0.0392 -1.2381 0.167 -0.078 -2.534
0.66 16.4 16.8 -24.5 0.19 0.17 -0.95 37.427957 -122.174328 34.8 0.6070 -0.1503 -0.6860 0.162 -0.067 -2.560
0.69 15.4 16.7 -24.5 0.21 0.13 -0.90 37.427957 -122.174328 34.8 0.8019 0.2050 0.1067 0.164 -0.039 -2.576
0.72 15.4 16.7 -24.5 0.24 0.12 -0.88 37.427957 -122.174328 34.8 0.2456 -0.0120 0.8155 0.170 -0.018 -2.559
0.75 15.2 15.2 -24.7 0.23 0.11 -0.97 37.427957 -122.174328 34.8 -0.0191 -0.6578 1.5321 0.164 -0.016 -2.525
0.78 15.2 15.2 -24.7 0.17 0.03 -1.05 37.427957 -122.174328 34.8 0.3874 -0.9606 1.5933 0.140 -0.004 -2.481
0.81 15.2 14.0 -24.8 0.22 0.03 -1.03 37.427957 -122.174328 34.8 0.8675 -0.9179 1.5037 0.113 0.020 -2.443
0.85 15.2 14.0 -24.8 0.13 -0.03 -0.98 37.427957 -122.174328 34.8 0.9647 -0.7436 2.2939 0.079 0.063 -2.374
0.88 15.8 11.9 -25.9 -0.03 -0.10 -0.92 37.427957 -122.174328 34.8 0.8004 -0.8795 2.4145 0.051 0.092 -2.308
0.91 15.8 11.9 -25.9 -0.03 -0.14 -0.94 37.427957 -122.174328 34.8 0.2484 -0.8156 1.9368 0.021 0.109 -2.249
0.94 15.7 7.0 -27.6 0.05 -0.07 -0.98 37.427957 -122.174328 34.8 -0.2234 -0.8034 1.9276 -0.007 0.107 -2.196
0.97 15.7 7.0 -27.6 -0.14 -0.07 -1.07 37.427957 -122.174328 34.8 0.0145 -1.8983 2.4832 -0.079 0.096 -2.091
1.00 14.3 4.9 -28.2 -0.33 -0.15 -1.09 37.427957 -122.174328 34.8 0.1542 -1.2564 2.3210 -0.132 0.092 -2.023
1.03 14.3 4.9 -28.2 -0.18 -0.07 -1.08 37.427957 -122.174328 34.8 -0.0714 -0.4166 2.1043 -0.156 0.085 -1.963
1.06 11.8 2.2 -29.8 -0.10 -0.02 -1.06 37.427957 -122.174328 34.8 -0.0581 -0.7554 2.2853 -0.175 0.072 -1.904
1.10 11.8 2.2 -29.8 -0.39 -0.06 -0.98 37.427957 -122.174328 34.8 0.1210 -1.1551 2.5100 -0.222 0.058 -1.812
1.13 10.3 -0.1 -30.3 -0.43 -0.01 -1.01 37.427957 -122.174328 34.8 -0.3037 -0.7655 2.2081 -0.252 0.040 -1.749
1.16 10.3 -0.1 -30.3 -0.58 -0.05 -1.11 37.427957 -122.174328 34.8 -0.3096 -0.8781 1.7503 -0.274 0.016 -1.699
1.19 8.8 -1.7 -29.8 -0.63 -0.05 -1.09 37.427957 -122.174328 34.8 0.1405 -0.6731 0.4941 -0.299 0.005 -1.671
1.22 8.8 -1.7 -29.8 -0.47 -0.02 -0.95 37.427957 -122.174328 34.8 0.8199 -0.2988 -1.5455 -0.315 0.043 -1.695
1.25 7.1 -2.2 -29.8 -0.33 -0.05 -0.94 37.427957 -122.174328 34.8 0.8801 -0.5494 -1.9940 -0.326 0.081 -1.735
1.28 7.1 -2.2 -29.8 -0.29 -0.06 -0.92 37.427957 -122.174328 34.8 0.9139 -0.5708 -2.2411 -0.337 0.126 -1.784
1.32 6.2 -3.1 -30.9 -0.32 -0.07 -0.89 37.427957 -122.174328 34.8 0.5473 -0.1710 -2.1960 -0.340 0.165 -1.836
1.35 6.2 -3.1 -30.9 -0.25 -0.13 -0.94 37.427957 -122.174328 34.8 0.5563 0.3389 -2.0071 -0.312 0.205 -1.906
1.38 5.1 -5.1 -31.4 -0.30 -0.18 -0.96 37.427957 -122.174328 34.8 0.6596 0.0555 -2.0436 -0.296 0.237 -1.955
1.41 5.1 -5.1 -31.4 -0.35 -0.23 -0.93 37.427957 -122.174328 34.8 0.7495 0.1070 -2.5252 -0.282 0.274 -2.011
1.44 5.9 -6.4 -30.7 -0.18 -0.18 -0.86 37.427957 -122.174328 34.8 1.0485 1.0185 -2.8040 -0.244 0.318 -2.082
1.47 5.9 -6.4 -30.7 -0.17 -0.28 -0.91 37.427957 -122.174328 34.8 0.7831 -0.3966 -2.7189 -0.184 0.388 -2.201
1.50 7.1 -7.8 -29.2 -0.15 -0.30 -0.91 37.427957 -122.174328 34.8 1.0252 -0.0944 -3.0373 -0.160 0.426 -2.283
1.53 7.1 -7.8 -29.2 -0.11 -0.35 -0.79 37.427957 -122.174328 34.8 1.5362 0.6158 -3.0925 -0.112 0.475 -2.372
1.56 7.5 -8.7 -28.3 0.00 -0.44 -0.79 37.427957 -122.174328 34.8 1.4662 0.3016 -2.7666 -0.055 0.524 -2.461
1.60 7.5 -8.7 -28.3 -0.03 -0.53 -0.85 37.427957 -122.174328 34.8 0.7936 -0.1695 -2.4514 -0.002 0.569 -2.570
1.63 10.9 -10.4 -27.8 0.04 -0.46 -0.88 37.427957 -122.174328 34.8 0.6841 0.0122 -2.6639 0.042 0.584 -2.654
1.66 10.9 -10.4 -27.8 0.16 -0.46 -0.76 37.427957 -122.174328 34.8 1.2830 0.0163 -2.7243 0.097 0.607 -2.749
1.69 12.3 -11.0 -27.1 0.12 -0.59 -0.67 37.427957 -122.174328 34.8 1.3686 -0.1904 -2.1143 0.143 0.639 -2.837
1.72 12.3 -11.0 -27.1 0.19 -0.58 -0.77 37.427957 -122.174328 34.8 0.3792 -0.0203 -1.7891 0.205 0.659 -2.946
1.75 12.8 -11.5 -25.7 0.31 -0.53 -0.79 37.427957 -122.174328 34.8 0.4895 -0.1612 -1.3631 0.242 0.658 -3.006
1.78 12.8 -11.5 -25.7 0.39 -0.57 -0.72 37.427957 -122.174328 34.8 0.7481 -0.2259 -0.8270 0.277 0.667 -3.058
1.81 13.7 -11.6 -24.6 0.22 -0.65 -0.66 37.427957 -122.174328 34.8 0.3430 0.1564 0.0175 0.287 0.680 -3.076
1.85 13.7 -11.6 -24.6 0.23 -0.63 -0.73 37.427957 -122.174328 34.8 -0.7427 0.6113 0.5678 0.291 0.678 -3.054
1.88 14.4 -11.8 -23.9 0.35 -0.59 -0.88 37.427957 -122.174328 34.8 -1.1252 0.3653 0.7788 0.285 0.657 -3.021
1.91 14.4 -11.8 -23.9 0.34 -0.57 -0.89 37.427957 -122.174328 34.8 -0.9376 -0.2157 1.0899 0.261 0.636 -2.979
1.94 14.9 -11.8 -22.7 0.13 -0.57 -0.84 37.427957 -122.174328 34.8 -0.6463 -0.5127 1.8592 0.216 0.626 -2.922
1.97 14.9 -11.8 -22.7 0.01 -0.56 -0.91 37.427957 -122.174328 34.8 -0.6304 -0.7930 2.0170 0.116 0.615 -2.801
2.00 14.0 -11.8 -22.4 0.03 -0.47 -0.84 37.427957 -122.174328 34.8 -0.5654 -0.8238 1.7304 0.053 0.601 -2.735
2.03 14.0 -11.8 -22.4 0.06 -0.41 -0.80 37.427957 -122.174328 34.8 -0.5593 -0.2708 2.0547 0.005 0.589 -2.673
2.07 11.1 -12.6 -23.7 -0.03 -0.37 -0.94 37.427957 -122.174328 34.8 -1.0435 -0.3441 2.6474 -0.046 0.564 -2.592
2.10 11.1 -12.6 -23.7 -0.16 -0.32 -0.94 37.427957 -122.174328 34.8 -1.1121 -0.7838 2.7821 -0.131 0.510 -2.477
2.13 9.8 -12.7 -24.0 -0.17 -0.33 -0.84 37.427957 -122.174328 34.8 -0.3381 -0.2699 2.8352 -0.185 0.478 -2.393
2.16 9.8 -12.7 -24.0 -0.22 -0.36 -0.74 37.427957 -122.174328 34.8 0.4038 0.2353 2.7348 -0.223 0.467 -2.307
2.19 7.0 -13.3 -24.8 -0.28 -0.42 -0.77 37.427957 -122.174328 34.8 0.2116 0.2638 2.7247 -0.253 0.459 -2.221
2.22 7.0 -13.3 -24.8 -0.30 -0.35 -0.80 37.427957 -122.174328 34.8 -0.4645 -0.6740 1.5843 -0.305 0.422 -2.114
2.25 5.3 -14.4 -25.4 -0.26 -0.31 -0.65 37.427957 -122.174328 34.8 0.1734 -1.2719 0.7271 -0.347 0.410 -2.086
2.28 5.3 -14.4 -25.4 -0.40 -0.34 -0.60 37.427957 -122.174328 34.8 0.1032 -0.9560 0.8427 -0.388 0.407 -2.063
2.31 2.8 -15.2 -24.9 -0.49 -0.37 -0.70 37.427957 -122.174328 34.8 -0.1143 -0.5790 0.9505 -0.420 0.397 -2.035
2.35 2.8 -15.2 -24.9 -0.58 -0.35 -0.66 37.427957 -122.174328 34.8 0.0300 -0.6345 0.4613 -0.453 0.383 -2.012
2.38 1.2 -15.0 -24.3 -0.59 -0.34 -0.66 37.427957 -122.174328 34.8 0.0355 -0.3637 0.2003 -0.475 0.381 -2.001
2.41 1.2 -15.0 -24.3 -0.60 -0.37 -0.67 37.427957 -122.174328 34.8 0.0026 -0.3021 -0.0930 -0.514 0.382 -1.989
2.44 0.6 -15.1 -23.3 -0.58 -0.35 -0.65 37.427957 -122.174328 34.8 0.0464 -0.0549 -0.3981 -0.543 0.388 -1.985
2.47 0.6 -15.1 -23.3 -0.61 -0.37 -0.68 37.427957 -122.174328 34.8 0.0772 0.2052 -0.7898 -0.548 0.407 -2.003
2.50 1.1 -15.7 -22.5 -0.61 -0.37 -0.68 37.427957 -122.174328 34.8 -0.0048 0.2103 -1.2053 -0.533 0.422 -2.028
2.53 1.1 -15.7 -22.5 -0.46 -0.36 -0.68 37.427957 -122.174328 34.8 0.1466 0.4701 -1.5295 -0.508 0.444 -2.065
2.56 3.5 -15.6 -22.2 -0.42 -0.40 -0.68 37.427957 -122.174328 34.8 0.1278 0.6191 -1.6397 -0.475 0.468 -2.106
2.60 3.5 -15.6 -22.2 -0.36 -0.41 -0.66 37.427957 -122.174328 34.8 0.2295 0.5338 -1.7387 -0.424 0.502 -2.167
2.63 4.6 -15.7 -23.2 -0.39 -0.43 -0.67 37.427957 -122.174328 34.8 0.1757 0.6383 -1.9687 -0.384 0.527 -2.218
2.66 4.6 -15.7 -23.2 -0.24 -0.39 -0.63 37.427957 -122.174328 34.8 0.2990 0.7261 -2.2091 -0.332 0.554 -2.281
2.69 5.1 -15.6 -23.4 -0.17 -0.44 -0.62 37.427957 -122.174328 34.8 0.2142 0.2970 -2.1922 -0.282 0.581 -2.348
2.72 5.1 -15.6 -23.4 -0.21 -0.49 -0.73 37.427957 -122.174328 34.8 -0.3146 -0.2760 -2.1402 -0.235 0.597 -2.440
2.75 7.3 -14.5 -23.3 -0.10 -0.46 -0.82 37.427957 -122.174328 34.8 0.0800 -0.2698 -2.2765 -0.186 0.609 -2.540
2.78 7.3 -14.5 -23.3 -0.05 -0.39 -0.72 37.427957 -122.174328 34.8 0.4241 -0.4094 -2.1420 -0.154 0.627 -2.613
2.81 8.8 -13.6 -23.2 -0.11 -0.52 -0.63 37.427957 -122.174328 34.8 0.6968 -0.3107 -1.9777 -0.125 0.653 -2.680
2.85 8.8 -13.6 -23.2 -0.00 -0.50 -0.65 37.427957 -122.174328 34.8 -0.1669 -0.1899 -1.6964 -0.079 0.671 -2.766
2.88 9.7 -12.0 -24.1 0.09 -0.47 -0.80 37.427957 -122.174328 34.8 -0.6167 -0.3048 -1.2090 -0.054 0.660 -2.817
2.91 9.7 -12.0 -24.1 0.02 -0.52 -0.83 37.427957 -122.174328 34.8 -0.1314 -0.6031 -0.7587 -0.047 0.651 -2.850
2.94 9.7 -11.1 -25.0 -0.04 -0.53 -0.77 37.427957 -122.174328 34.8 0.0414 -0.5837 -0.3445 -0.053 0.653 -2.869
2.97 9.7 -11.1 -25.0 -0.04 -0.50 -0.80 37.427957 -122.174328 34.8 -0.5010 -0.2099 0.0738 -0.069 0.631 -2.873
3.00 9.6 -10.1 -25.4 -0.01 -0.46 -0.84 37.427957 -122.174328 34.8 -0.4521 -0.2930 0.2208 -0.073 0.609 -2.872
3.03 9.6 -10.1 -25.4 -0.02 -0.46 -0.82 37.427957 -122.174328 34.8 -0.1942 -0.4438 0.5462 -0.089 0.595 -2.860
3.06 9.7 -10.1 -25.4 -0.12 -0.47 -0.78 37.427957 -122.174328 34.8 -0.1356 -0.6677 0.6761 -0.117 0.590 -2.839
3.10 9.7 -10.1 -25.4 -0.07 -0.44 -0.84 37.427957 -122.174328 34.8 -0.3666 -0.3780 0.6404 -0.144 0.580 -2.818
3.13 7.3 -9.4 -26.6 0.00 -0.37 -0.90 37.427957 -122.174328 34.8 -0.4100 -0.3101 0.8944 -0.169 0.557 -2.789
3.16 7.3 -9.4 -26.6 -0.05 -0.44 -0.74 37.427957 -122.174328 34.8 0.3522 -0.5730 1.4661 -0.205 0.552 -2.750
3.19 6.1 -9.3 -27.6 -0.11 -0.36 -0.74 37.427957 -122.174328 34.8 0.1731 -0.3162 1.7055 -0.244 0.552 -2.696
3.22 6.1 -9.3 -27.6 -0.17 -0.35 -0.87 37.427957 -122.174328 34.8 -0.7934 -0.1136 2.1746 -0.290 0.517 -2.621
3.25 5.5 -8.9 -28.1 -0.28 -0.32 -0.93 37.427957 -122.174328 34.8 -0.5598 -0.3087 2.4594 -0.336 0.461 -2.536
3.28 5.5 -8.9 -28.1 -0.35 -0.36 -0.79 37.427957 -122.174328 34.8 0.2281 -0.3998 2.6724 -0.380 0.432 -2.462
3.32 4.3 -8.1 -28.4 -0.37 -0.30 -0.74 37.427957 -122.174328 34.8 0.2744 -0.0020 2.6220 -0.416 0.413 -2.383
3.35 4.3 -8.1 -28.4 -0.38 -0.28 -0.86 37.427957 -122.174328 34.8 -0.4809 0.2220 2.6256 -0.440 0.379 -2.314
3.38 2.4 -8.4 -29.5 -0.55 -0.21 -0.71 37.427957 -122.174328 34.8 -0.2997 0.2723 2.8476 -0.458 0.318 -2.224
3.41 2.4 -8.4 -29.5 -0.55 -0.24 -0.83 37.427957 -122.174328 34.8 -0.8527 -0.3289 2.1206 -0.481 0.270 -2.166
3.44 1.5 -8.1 -30.0 -0.60 -0.17 -0.88 37.427957 -122.174328 34.8 -1.1500 -0.4078 1.5685 -0.498 0.221 -2.136
3.47 1.5 -8.1 -30.0 -0.65 -0.15 -0.95 37.427957 -122.174328 34.8 -0.8939 -0.7632 1.2182 -0.528 0.163 -2.109
3.50 -0.1 -6.3 -30.0 -0.75 -0.18 -0.85 37.427957 -122.174328 34.8 -0.1685 -0.1534 0.7317 -0.545 0.130 -2.087
3.53 -0.1 -6.3 -30.0 -0.71 -0.18 -0.89 37.427957 -122.174328 34.8 -0.5045 0.2186 0.0423 -0.544 0.117 -2.083
3.57 -0.8 -4.4 -31.1 -0.61 -0.07 -0.99 37.427957 -122.174328 34.8 -0.9472 0.2532 -0.5803 -0.537 0.104 -2.102
3.60 -0.8 -4.4 -31.1 -0.57 -0.06 -1.03 37.427957 -122.174328 34.8 -1.0278 0.3885 -0.9354 -0.523 0.090 -2.136
3.63 0.2 -2.9 -30.3 -0.62 -0.10 -0.98 37.427957 -122.174328 34.8 -0.5167 0.2928 -1.1285 -0.507 0.085 -2.184
3.66 0.2 -2.9 -30.3 -0.53 -0.11 -0.98 37.427957 -122.174328 34.8 -0.4197 0.3636 -1.4313 -0.495 0.092 -2.221
3.69 1.1 -0.3 -31.7 -0.45 -0.08 -0.96 37.427957 -122.174328 34.8 -0.3971 0.5784 -1.7327 -0.477 0.103 -2.267
3.72 1.1 -0.3 -31.7 -0.46 -0.13 -0.98 37.427957 -122.174328 34.8 -0.3009 0.8095 -1.7075 -0.443 0.121 -2.331
3.75 1.3 0.6 -33.1 -0.54 -0.16 -0.93 37.427957 -122.174328 34.8 -0.2816 0.5506 -1.7203 -0.410 0.137 -2.392
3.78 1.3 0.6 -33.1 -0.41 -0.11 -0.89 37.427957 -122.174328 34.8 -0.2495 0.5230 -2.2002 -0.389 0.152 -2.445
3.81 1.3 2.3 -32.0 -0.33 -0.11 -0.93 37.427957 -122.174328 34.8 -0.2839 0.6704 -2.6561 -0.361 0.171 -2.514
3.85 1.3 2.3 -32.0 -0.33 -0.11 -0.93 37.427957 -122.174328 34.8 -0.3177 0.2669 -2.3884 -0.325 0.191 -2.607
3.88 1.6 3.3 -31.8 -0.38 -0.14 -0.89 37.427957 -122.174328 34.8 -0.4907 0.1748 -2.5994 -0.307 0.202 -2.676
3.91 1.6 3.3 -31.8 -0.29 -0.09 -0.93 37.427957 -122.174328 34.8 -0.6229 0.3860 -3.0762 -0.283 0.209 -2.759
3.94 1.3 5.2 -32.2 -0.29 -0.14 -0.93 37.427957 -122.174328 34.8 -0.6174 0.2739 -3.0371 -0.255 0.215 -2.849
3.97 1.3 5.2 -32.2 -0.29 -0.13 -0.94 37.427957 -122.174328 34.8 -0.7001 0.3331 -2.9368 -0.230 0.215 -2.934
4.00 0.5 6.0 -31.9 -0.20 -0.05 -0.96 37.427957 -122.174328 34.8 -0.7986 0.3867 -3.6335 -0.178 0.212 -3.096
4.03 0.5 6.0 -31.9 -0.13 -0.04 -1.02 37.427957 -122.174328 34.8 -0.4909 0.0129 -3.5947 -0.152 0.210 3.082
4.06 -0.2 8.1 -32.2 0.00 -0.05 -1.05 37.427957 -122.174328 34.8 0.0523 -0.1228 -3.2546 -0.132 0.218 2.985
4.10 -0.2 8.1 -32.2 -0.02 -0.11 -0.99 37.427957 -122.174328 34.8 0.4058 -0.4243 -2.7421 -0.121 0.235 2.902
4.13 -2.0 9.5 -33.1 0.01 -0.12 -0.97 37.427957 -122.174328 34.8 0.1723 -0.2131 -2.2972 -0.109 0.256 2.808
4.16 -2.0 9.5 -33.1 0.04 -0.14 -1.03 37.427957 -122.174328 34.8 -0.0431 -0.2093 -1.6937 -0.101 0.262 2.752
4.19 -6.0 8.5 -32.8 0.01 -0.18 -1.00 37.427957 -122.174328 34.8 0.2143 -0.1271 -1.0648 -0.092 0.266 2.714
4.22 -6.0 8.5 -32.8 0.00 -0.19 -0.99 37.427957 -122.174328 34.8 0.1155 -0.0319 -0.6322 -0.086 0.271 2.691
4.25 -7.6 8.1 -32.4 0.04 -0.17 -1.01 37.427957 -122.174328 34.8 -0.2692 0.4470 -0.0103 -0.051 0.248 2.671
4.28 -7.6 8.1 -32.4 0.09 -0.21 -1.06 37.427957 -122.174328 34.8 -0.1646 0.6379 0.4724 -0.027 0.238 2.676
4.31 -7.0 8.4 -32.6 0.04 -0.22 -1.00 37.427957 -122.174328 34.8 0.2056 0.4344 1.0552 -0.018 0.238 2.699
4.35 -7.0 8.4 -32.6 0.02 -0.26 -0.92 37.427957 -122.174328 34.8 0.4403 0.3358 1.1593 -0.014 0.249 2.732
4.38 -5.4 8.5 -32.6 -0.03 -0.27 -0.97 37.427957 -122.174328 34.8 0.0787 -0.0917 1.1434 -0.020 0.255 2.766
4.41 -5.4 8.5 -32.6 -0.09 -0.27 -0.97 37.427957 -122.174328 34.8 0.2526 -0.3889 1.1239 -0.044 0.258 2.810
4.44 -4.6 8.3 -33.1 -0.07 -0.26 -0.98 37.427957 -122.174328 34.8 0.2660 -0.4187 1.0017 -0.063 0.265 2.841
4.47 -4.6 8.3 -33.1 -0.09 -0.26 -0.97 37.427957 -122.174328 34.8 0.1963 -0.5124 0.9181 -0.083 0.269 2.869
4.50 -5.6 8.3 -32.3 -0.06 -0.26 -1.06 37.427957 -122.174328 34.8 0.2525 -0.0189 1.0124 -0.109 0.273 2.912
4.53 -5.6 8.3 -32.3 -0.05 -0.25 -0.98 37.427957 -122.174328 34.8 0.7088 0.0945 1.5813 -0.118 0.284 2.952
4.56 -5.7 8.3 -32.5 -0.12 -0.28 -0.89 37.427957 -122.174328 34.8 0.7315 -0.0423 2.0288 -0.134 0.299 3.009
4.60 -5.7 8.3 -32.5 -0.19 -0.27 -0.90 37.427957 -122.174328 34.8 0.3853 -0.2224 2.1758 -0.157 0.304 3.072
4.63 -5.4 7.3 -34.1 -0.18 -0.25 -0.88 37.427957 -122.174328 34.8 0.3189 0.1447 2.0894 -0.184 0.306 -3.125
4.66 -5.4 7.3 -34.1 -0.16 -0.22 -0.96 37.427957 -122.174328 34.8 0.1159 -0.1406 2.2973 -0.201 0.298 -3.063
4.69 -4.3 6.4 -34.5 -0.24 -0.15 -0.89 37.427957 -122.174328 34.8 0.3053 -0.5079 2.6396 -0.234 0.290 -2.990
4.72 -4.3 6.4 -34.5 -0.25 -0.07 -0.86 37.427957 -122.174328 34.8 -0.0119 -0.1340 2.7833 -0.264 0.274 -2.911
4.75 -3.0 6.6 -34.4 -0.47 -0.15 -0.91 37.427957 -122.174328 34.8 -0.4188 -0.7320 3.3637 -0.314 0.222 -2.775
4.78 -3.0 6.6 -34.4 -0.51 -0.08 -0.88 37.427957 -122.174328 34.8 -0.4068 -0.4185 2.6848 -0.352 0.185 -2.696
4.81 -3.0 7.6 -34.3 -0.51 -0.12 -0.98 37.427957 -122.174328 34.8 -0.8202 0.1810 2.1284 -0.361 0.144 -2.642
4.85 -3.0 7.6 -34.3 -0.56 -0.13 -0.91 37.427957 -122.174328 34.8 -0.5170 -0.2157 1.9680 -0.371 0.105 -2.594
4.88 -2.2 9.5 -33.6 -0.49 -0.18 -1.02 37.427957 -122.174328 34.8 -0.5334 0.7548 0.6104 -0.359 0.072 -2.559
4.91 -2.2 9.5 -33.6 -0.47 -0.12 -0.95 37.427957 -122.174328 34.8 -0.1356 0.1341 0.1670 -0.348 0.061 -2.554
4.94 -1.1 10.9 -34.0 -0.32 -0.08 -1.02 37.427957 -122.174328 34.8 -0.0729 -0.1764 -0.5596 -0.354 0.067 -2.560
4.97 -1.1 10.9 -34.0 -0.31 -0.11 -1.06 37.427957 -122.174328 34.8 -0.0928 0.0632 -0.7736 -0.355 0.072 -2.581
5.00 -0.6 10.9 -33.5 -0.39 -0.16 -1.02 37.427957 -122.174328 34.8 0.0925 0.3499 -0.6106 -0.338 0.083 -2.608
5.03 -0.6 10.9 -33.5 -0.38 -0.18 -0.99 37.427957 -122.174328 34.8 0.1930 0.2106 -0.9877 -0.329 0.094 -2.628
5.06 -0.7 12.1 -33.9 -0.30 -0.17 -0.98 37.427957 -122.174328 34.8 0.3169 0.0524 -1.4439 -0.324 0.113 -2.658
5.10 -0.7 12.1 -33.9 -0.32 -0.19 -0.97 37.427957 -122.174328 34.8 0.2956 0.2811 -1.8223 -0.313 0.136 -2.700
5.13 -1.1 12.1 -34.5 -0.32 -0.13 -0.97 37.427957 -122.174328 34.8 0.1402 -0.1346 -2.3793 -0.300 0.167 -2.772
5.16 -1.1 12.1 -34.5 -0.28 -0.17 -0.88 37.427957 -122.174328 34.8 0.1644 -0.2974 -3.1525 -0.294 0.194 -2.847
5.19 -3.3 11.1 -34.5 -0.21 -0.13 -0.91 37.427957 -122.174328 34.8 0.1056 -0.0820 -3.4552 -0.280 0.224 -2.938
5.22 -3.3 11.1 -34.5 -0.21 -0.13 -0.91 37.427957 -122.174328 34.8 0.0138 -0.1889 -3.5591 -0.260 0.252 -3.034
5.25 -5.5 10.9 -34.2 -0.15 -0.12 -0.92 37.427957 -122.174328 34.8 0.2751 -0.6422 -3.9497 -0.238 0.301 3.075
5.28 -5.5 10.9 -34.2 -0.04 -0.19 -0.80 37.427957 -122.174328 34.8 -0.5816 -0.4556 -3.4851 -0.220 0.323 2.967
5.31 -9.2 9.1 -33.8 -0.17 -0.17 -0.92 37.427957 -122.174328 34.8 -1.4600 0.3531 -2.6511 -0.191 0.305 2.875
5.35 -9.2 9.1 -33.8 -0.06 -0.26 -0.95 37.427957 -122.174328 34.8 -1.2915 1.2775 -2.0491 -0.143 0.278 2.801
5.38 -10.4 8.2 -33.6 -0.06 -0.20 -0.92 37.427957 -122.174328 34.8 -1.8628 1.3455 -1.5690 -0.076 0.226 2.730
5.41 -10.4 8.2 -33.6 -0.02 -0.13 -0.97 37.427957 -122.174328 34.8 -2.0476 1.4613 -1.4248 -0.027 0.172 2.685
5.44 -10.0 10.0 -32.8 0.08 -0.09 -1.10 37.427957 -122.174328 34.8 -1.8411 1.2243 -1.0461 0.016 0.117 2.650
5.47 -10.0 10.0 -32.8 0.16 -0.05 -1.13 37.427957 -122.174328 34.8 -0.8338 0.7757 -0.5317 0.044 0.081 2.630
5.50 -8.7 13.5 -32.0 0.23 -0.00 -1.07 37.427957 -122.174328 34.8 0.4253 0.3451 0.9504 0.075 0.077 2.639
5.53 -8.7 13.5 -32.0 0.22 -0.01 -1.06 37.427957 -122.174328 34.8 1.0896 0.2633 1.8726 0.080 0.104 2.679
5.56 -6.9 13.8 -32.2 0.07 -0.07 -0.96 37.427957 -122.174328 34.8 1.2564 0.3916 2.6631 0.080 0.144 2.742
5.60 -6.9 13.8 -32.2 0.02 -0.19 -1.04 37.427957 -122.174328 34.8 0.7630 0.0137 3.0692 0.074 0.178 2.822
5.63 -3.3 13.2 -33.9 -0.03 -0.19 -0.95 37.427957 -122.174328 34.8 0.5933 -0.3911 2.9850 0.037 0.209 2.938
5.66 -3.3 13.2 -33.9 -0.03 -0.16 -0.93 37.427957 -122.174328 34.8 -0.0464 -0.4101 2.6421 0.009 0.218 3.017
5.69 -2.1 12.1 -34.6 -0.11 -0.14 -1.01 37.427957 -122.174328 34.8 -0.4865 -0.4095 2.7303 -0.020 0.208 3.093
5.72 -2.1 12.1 -34.6 -0.09 -0.17 -1.04 37.427957 -122.174328 34.8 -0.4152 0.1020 2.7584 -0.039 0.193 -3.113
5.75 -0.6 11.4 -33.9 -0.11 -0.13 -0.97 37.427957 -122.174328 34.8 -0.0499 -0.2334 2.6242 -0.058 0.180 -3.011
5.78 -0.6 11.4 -33.9 -0.16 -0.10 -0.89 37.427957 -122.174328 34.8 -0.0306 -0.6154 2.5269 -0.095 0.173 -2.914
5.81 0.7 11.0 -34.4 -0.17 -0.05 -0.89 37.427957 -122.174328 34.8 -0.2416 -0.5463 2.5946 -0.122 0.162 -2.843
5.85 0.7 11.0 -34.4 -0.19 -0.05 -0.98 37.427957 -122.174328 34.8 -0.5618 -0.3789 2.8104 -0.148 0.138 -2.769
5.88 2.1 10.5 -34.9 -0.22 -0.01 -0.98 37.427957 -122.174328 34.8 -0.0970 -0.1906 2.8027 -0.166 0.106 -2.665
5.91 2.1 10.5 -34.9 -0.30 0.07 -0.87 37.427957 -122.174328 34.8 0.1188 -0.6355 2.9258 -0.187 0.093 -2.586
5.94 3.2 10.5 -34.4 -0.33 0.06 -0.89 37.427957 -122.174328 34.8 0.0394 -0.7364 2.8699 -0.214 0.080 -2.505
5.97 3.2 10.5 -34.4 -0.38 0.08 -0.90 37.427957 -122.174328 34.8 -0.0750 -0.7373 2.6836 -0.242 0.061 -2.430
6.00 4.9 10.3 -34.4 -0.35 0.09 -0.95 37.427957 -122.174328 34.8 -0.3303 -0.1426 2.2163 -0.268 0.022 -2.325
6.03 4.9 10.3 -34.4 -0.35 0.08 -0.98 37.427957 -122.174328 34.8 -0.2894 0.1429 2.1402 -0.268 -0.002 -2.269
6.07 5.9 10.0 -35.3 -0.44 0.07 -0.96 37.427957 -122.174328 34.8 -0.1228 -0.0436 1.8547 -0.266 -0.022 -2.217
6.10 5.9 10.0 -35.3 -0.49 0.05 -0.96 37.427957 -122.174328 34.8 -0.0611 -0.0757 1.3700 -0.268 -0.035 -2.174
6.13 6.1 9.2 -35.0 -0.47 0.05 -0.97 37.427957 -122.174328 34.8 0.0711 0.0367 0.5256 -0.268 -0.044 -2.142
6.16 6.1 9.2 -35.0 -0.43 0.07 -0.95 37.427957 -122.174328 34.8 0.1536 0.0965 -0.0268 -0.286 -0.044 -2.137
6.19 5.9 7.2 -35.2 -0.39 0.04 -0.98 37.427957 -122.174328 34.8 0.1473 0.4209 -0.3781 -0.293 -0.040 -2.142
6.22 5.9 7.2 -35.2 -0.37 0.01 -0.99 37.427957 -122.174328 34.8 0.2093 0.6693 -0.7240 -0.282 -0.030 -2.156
6.25 7.5 7.4 -34.8 -0.40 0.02 -0.98 37.427957 -122.174328 34.8 0.2653 0.6225 -1.5939 -0.257 -0.010 -2.196
6.28 7.5 7.4 -34.8 -0.26 0.07 -0.96 37.427957 -122.174328 34.8 0.2111 0.1986 -2.7762 -0.242 0.019 -2.276
6.31 8.2 8.7 -34.2 -0.22 0.02 -0.98 37.427957 -122.174328 34.8 0.3755 0.3989 -2.9992 -0.231 0.044 -2.355
6.35 8.2 8.7 -34.2 -0.23 -0.03 -0.99 37.427957 -122.174328 34.8 0.7479 0.4710 -2.6018 -0.216 0.077 -2.426
6.38 7.5 8.5 -34.3 -0.15 -0.04 -0.88 37.427957 -122.174328 34.8 0.8343 0.2746 -2.7073 -0.191 0.127 -2.515
6.41 7.5 8.5 -34.3 -0.15 -0.09 -0.92 37.427957 -122.174328 34.8 0.3198 0.1840 -2.6019 -0.176 0.157 -2.586
6.44 6.5 9.0 -34.4 -0.14 -0.13 -0.88 37.427957 -122.174328 34.8 0.2593 0.0715 -2.3816 -0.161 0.174 -2.653
6.47 6.5 9.0 -34.4 -0.18 -0.11 -0.94 37.427957 -122.174328 34.8 -0.0548 -0.6997 -2.7819 -0.156 0.191 -2.725
6.50 4.7 9.7 -35.0 -0.20 -0.10 -0.92 37.427957 -122.174328 34.8 -0.5981 -1.1194 -3.4475 -0.177 0.193 -2.844
6.53 4.7 9.7 -35.0 -0.12 -0.15 -0.96 37.427957 -122.174328 34.8 -0.1399 0.2210 -3.1021 -0.169 0.201 -2.973
6.57 1.0 10.9 -35.0 -0.18 -0.10 -0.79 37.427957 -122.174328 34.8 -0.0847 0.1193 -2.4280 -0.145 0.213 -3.048
6.60 1.0 10.9 -35.0 -0.06 -0.06 -0.91 37.427957 -122.174328 34.8 -0.9432 0.4093 -2.4778 -0.126 0.207 -3.118
6.63 -1.1 12.4 -34.5 0.12 -0.02 -1.04 37.427957 -122.174328 34.8 -1.4683 1.5235 -1.8912 -0.068 0.161 3.077
6.66 -1.1 12.4 -34.5 0.19 0.02 -0.99 37.427957 -122.174328 34.8 -0.9734 0.9629 -1.0672 -0.023 0.130 3.035
6.69 -1.0 14.0 -33.6 0.18 0.06 -1.07 37.427957 -122.174328 34.8 -0.8495 0.0979 -0.0943 -0.010 0.106 3.020
6.72 -1.0 14.0 -33.6 0.09 0.03 -1.15 37.427957 -122.174328 34.8 -0.8247 0.0620 1.0163 -0.009 0.082 3.036
6.75 0.2 15.3 -32.9 -0.03 0.04 -1.08 37.427957 -122.174328 34.8 -0.3061 -0.1083 1.6207 -0.012 0.061 3.087
6.78 0.2 15.3 -32.9 0.02 -0.01 -1.06 37.427957 -122.174328 34.8 0.0919 0.0237 1.9506 -0.019 0.058 -3.128
6.81 1.0 17.1 -32.7 0.02 -0.01 -1.06 37.427957 -122.174328 34.8 0.2255 -0.0598 2.3882 -0.023 0.062 -3.067
6.85 1.0 17.1 -32.7 -0.07 0.05 -0.97 37.427957 -122.174328 34.8 0.1945 0.0104 2.4094 -0.030 0.066 -2.997
6.88 2.4 16.8 -32.8 -0.06 0.02 -0.96 37.427957 -122.174328 34.8 -0.1831 0.0172 2.2347 -0.035 0.062 -2.913
6.91 2.4 16.8 -32.8 -0.04 0.04 -0.93 37.427957 -122.174328 34.8 -0.1632 -0.0495 2.2508 -0.039 0.055 -2.851
6.94 3.9 16.2 -32.4 -0.06 -0.01 -1.02 37.427957 -122.174328 34.8 -0.3213 -0.3823 2.3582 -0.049 0.046 -2.787
6.97 3.9 16.2 -32.4 -0.13 0.02 -1.02 37.427957 -122.174328 34.8 -0.7077 -0.6203 2.1430 -0.068 0.027 -2.725
7.00 5.9 14.8 -31.7 -0.08 0.06 -1.05 37.427957 -122.174328 34.8 -0.3070 -0.1317 2.1526 -0.084 -0.008 -2.631
7.03 5.9 14.8 -31.7 -0.11 0.08 -1.04 37.427957 -122.174328 34.8 -0.0529 -0.2363 2.0300 -0.088 -0.017 -2.573
7.06 7.0 14.3 -31.4 -0.09 0.10 -1.01 37.427957 -122.174328 34.8 0.0274 -0.5651 2.1354 -0.100 -0.022 -2.515
7.10 7.0 14.3 -31.4 -0.07 0.11 -0.98 37.427957 -122.174328 34.8 0.2069 -0.3549 2.2940 -0.112 -0.026 -2.453
7.13 9.0 13.1 -31.7 -0.05 0.15 -0.94 37.427957 -122.174328 34.8 -0.0312 0.0472 2.6261 -0.112 -0.031 -2.361
7.16 9.0 13.1 -31.7 -0.10 0.17 -0.96 37.427957 -122.174328 34.8 -0.3392 -0.0024 2.9080 -0.109 -0.046 -2.284
7.19 11.0 11.7 -32.2 -0.14 0.15 -0.97 37.427957 -122.174328 34.8 -0.3419 -0.2747 2.8557 -0.109 -0.065 -2.205
7.22 11.0 11.7 -32.2 -0.18 0.17 -0.95 37.427957 -122.174328 34.8 -0.1967 -0.5805 2.7749 -0.118 -0.083 -2.128
7.25 11.8 9.3 -32.2 -0.17 0.16 -0.97 37.427957 -122.174328 34.8 -0.1492 -0.3526 2.2815 -0.129 -0.104 -2.035
7.28 11.8 9.3 -32.2 -0.14 0.21 -0.91 37.427957 -122.174328 34.8 -0.4883 -0.2786 2.1293 -0.132 -0.126 -1.958
7.31 12.3 8.5 -31.8 -0.18 0.23 -0.95 37.427957 -122.174328 34.8 -0.6964 -0.2131 2.2558 -0.133 -0.153 -1.899
7.35 12.3 8.5 -31.8 -0.27 0.19 -1.01 37.427957 -122.174328 34.8 -0.6769 -0.3481 1.9314 -0.133 -0.179 -1.842
7.38 13.1 8.2 -32.1 -0.30 0.17 -1.04 37.427957 -122.174328 34.8 -0.4128 -0.1464 1.1094 -0.133 -0.200 -1.803
7.41 13.1 8.2 -32.1 -0.23 0.18 -0.95 37.427957 -122.174328 34.8 0.3607 0.6125 0.0844 -0.128 -0.200 -1.786
7.44 13.4 7.4 -31.7 -0.15 0.18 -1.02 37.427957 -122.174328 34.8 0.7031 0.6696 -0.2215 -0.109 -0.183 -1.787
7.47 13.4 7.4 -31.7 -0.19 0.19 -1.02 37.427957 -122.174328 34.8 0.9259 0.2744 -0.7314 -0.100 -0.159 -1.798
7.50 14.7 5.9 -30.5 -0.15 0.10 -0.96 37.427957 -122.174328 34.8 1.7328 0.5310 -1.7605 -0.092 -0.102 -1.842
7.53 14.7 5.9 -30.5 -0.05 0.05 -0.93 37.427957 -122.174328 34.8 1.8904 0.5032 -2.0914 -0.074 -0.025 -1.912
7.57 14.8 4.7 -30.6 -0.02 0.02 -0.90 37.427957 -122.174328 34.8 1.3384 0.5869 -1.6438 -0.059 0.023 -1.960
7.60 14.8 4.7 -30.6 -0.02 -0.00 -0.91 37.427957 -122.174328 34.8 0.7727 0.8123 -1.4299 -0.037 0.053 -1.999
7.63 15.2 3.6 -30.6 -0.02 -0.05 -0.98 37.427957 -122.174328 34.8 0.2859 0.6178 -1.6335 -0.014 0.068 -2.042
7.66 15.2 3.6 -30.6 -0.05 -0.06 -1.08 37.427957 -122.174328 34.8 0.1895 -0.1172 -1.9892 -0.005 0.072 -2.108
7.69 16.1 4.4 -30.3 0.02 -0.12 -0.98 37.427957 -122.174328 34.8 1.0749 -0.3191 -2.2952 -0.007 0.092 -2.170
7.72 16.1 4.4 -30.3 -0.08 -0.06 -0.75 37.427957 -122.174328 34.8 1.2533 -0.6625 -1.9291 -0.016 0.131 -2.229
7.75 15.8 4.8 -29.9 0.02 -0.07 -0.99 37.427957 -122.174328 34.8 -0.4204 0.5890 -1.7580 -0.011 0.139 -2.292
7.78 15.8 4.8 -29.9 0.11 -0.06 -1.01 37.427957 -122.174328 34.8 -0.2802 1.2929 -1.9673 0.039 0.123 -2.363
7.81 14.5 5.7 -29.5 0.21 0.02 -1.00 37.427957 -122.174328 34.8 -0.4854 0.6556 -1.4788 0.070 0.110 -2.412
7.85 14.5 5.7 -29.5 0.19 -0.02 -1.00 37.427957 -122.174328 34.8 -0.2004 0.3680 -0.7756 0.088 0.097 -2.441
7.88 14.8 7.8 -28.9 0.16 -0.03 -0.97 37.427957 -122.174328 34.8 0.1988 -0.1004 -0.4072 0.097 0.092 -2.456
7.91 14.8 7.8 -28.9 0.15 0.00 -0.91 37.427957 -122.174328 34.8 0.2491 -0.2179 0.0005 0.098 0.092 -2.466
7.94 14.3 10.2 -29.5 0.13 -0.04 -0.96 37.427957 -122.174328 34.8 0.1046 0.0823 0.5806 0.104 0.085 -2.458
7.97 14.3 10.2 -29.5 0.16 -0.05 -0.95 37.427957 -122.174328 34.8 0.1777 0.4509 1.1126 0.113 0.090 -2.433
8.00 15.2 10.5 -29.6 0.19 -0.08 -0.95 37.427957 -122.174328 34.8 0.2466 0.4040 1.5404 0.122 0.101 -2.396
8.03 15.2 10.5 -29.6 0.15 -0.06 -1.08 37.427957 -122.174328 34.8 0.0047 0.2847 2.1962 0.124 0.115 -2.313
8.06 18.6 8.5 -28.7 0.13 -0.09 -0.97 37.427957 -122.174328 34.8 0.2308 0.2375 2.5161 0.121 0.126 -2.247
8.10 18.6 8.5 -28.7 0.16 -0.07 -0.91 37.427957 -122.174328 34.8 0.0322 0.7508 2.6999 0.126 0.141 -2.174
8.13 19.8 6.0 -28.4 0.10 -0.11 -1.07 37.427957 -122.174328 34.8 -0.4993 0.8321 3.0131 0.138 0.142 -2.092
8.16 19.8 6.0 -28.4 0.01 -0.21 -1.02 37.427957 -122.174328 34.8 -0.1824 -0.7621 2.4976 0.125 0.143 -1.986
8.19 20.7 1.6 -28.4 0.03 -0.03 -0.84 37.427957 -122.174328 34.8 -0.0764 -1.2346 1.8080 0.083 0.148 -1.926
8.22 20.7 1.6 -28.4 0.14 -0.05 -1.05 37.427957 -122.174328 34.8 -0.6319 -0.2286 1.7326 0.057 0.141 -1.880
8.25 19.7 -0.1 -29.2 0.05 -0.04 -1.04 37.427957 -122.174328 34.8 -0.5440 1.0823 2.8051 0.067 0.120 -1.790
8.28 19.7 -0.1 -29.2 0.06 -0.07 -0.98 37.427957 -122.174328 34.8 -0.5155 0.7430 2.1614 0.095 0.111 -1.694
8.31 19.5 -1.5 -29.6 0.06 -0.05 -1.06 37.427957 -122.174328 34.8 -0.7330 -0.0204 1.6868 0.096 0.096 -1.640
8.35 19.5 -1.5 -29.6 -0.02 -0.07 -1.10 37.427957 -122.174328 34.8 -0.4624 -0.5391 1.5967 0.083 0.084 -1.593
8.38 20.7 -3.7 -29.3 -0.06 -0.07 -1.06 37.427957 -122.174328 34.8 -0.0337 -0.7762 1.3935 0.059 0.081 -1.551
8.41 20.7 -3.7 -29.3 -0.19 -0.07 -0.77 37.427957 -122.174328 34.8 0.1183 -0.5524 0.8354 0.030 0.086 -1.510
8.44 20.8 -5.0 -29.8 -0.08 -0.01 -1.17 37.427957 -122.174328 34.8 -0.2721 1.1990 0.0775 0.032 0.082 -1.499
8.47 20.8 -5.0 -29.8 -0.05 -0.01 -1.26 37.427957 -122.174328 34.8 -0.6457 1.3239 -0.3259 0.076 0.066 -1.502
8.50 21.0 -5.8 -29.8 0.02 -0.13 -0.93 37.427957 -122.174328 34.8 0.5230 0.3503 -0.8753 0.094 0.064 -1.520
8.53 21.0 -5.8 -29.8 0.14 -0.13 -0.89 37.427957 -122.174328 34.8 1.3765 1.2929 -1.2531 0.140 0.115 -1.577
8.56 21.9 -6.3 -28.5 0.29 -0.12 -0.90 37.427957 -122.174328 34.8 0.9771 0.8601 -1.6352 0.175 0.141 -1.622
8.60 21.9 -6.3 -28.5 0.32 -0.11 -1.02 37.427957 -122.174328 34.8 0.3197 0.4019 -1.7750 0.199 0.147 -1.674
8.63 24.1 -5.5 -27.1 0.26 -0.17 -0.94 37.427957 -122.174328 34.8 0.4842 -0.1493 -1.3176 0.207 0.149 -1.718
8.66 24.1 -5.5 -27.1 0.17 -0.14 -0.98 37.427957 -122.174328 34.8 0.3919 -0.0669 -0.4732 0.206 0.162 -1.753
8.69 25.4 -4.3 -26.6 0.14 -0.16 -0.98 37.427957 -122.174328 34.8 0.0768 0.1449 -0.1112 0.199 0.163 -1.759
8.72 25.4 -4.3 -26.6 0.15 -0.20 -0.96 37.427957 -122.174328 34.8 0.0362 0.2137 -0.2581 0.197 0.167 -1.763
8.75 25.4 -3.7 -26.1 0.15 -0.20 -0.96 37.427957 -122.174328 34.8 -0.0779 0.4146 -0.2979 0.201 0.168 -1.770
8.78 25.4 -3.7 -26.1 0.07 -0.17 -1.03 37.427957 -122.174328 34.8 0.2602 0.4144 -0.5387 0.219 0.166 -1.785
8.82 25.5 -3.4 -25.6 0.16 -0.13 -0.89 37.427957 -122.174328 34.8 0.4612 0.2353 -0.8386 0.230 0.173 -1.809
8.85 25.5 -3.4 -25.6 0.34 -0.11 -0.96 37.427957 -122.174328 34.8 0.3810 0.2659 -0.6589 0.241 0.179 -1.832
8.88 26.6 -3.0 -25.6 0.32 -0.20 -0.82 37.427957 -122.174328 34.8 0.7861 0.5437 -0.1534 0.255 0.193 -1.847
8.91 26.6 -3.0 -25.6 0.25 -0.29 -0.75 37.427957 -122.174328 34.8 0.1131 0.8317 0.1463 0.284 0.212 -1.849
