iPhone Sensor Log from Crossbow started at Dec 16, 2011 19:26:08 Pacific Standard Time.
ElapsedTime(s) xMag(uT) yMag(uT) zMag(uT) xAccel(g) yAccel(g) zAccel(g) latitude(deg) longitude(deg) altitude(m) xRate(rad/sec) yRate(rad/sec) zRate(rad/sec) roll(rad) pitch(rad) yaw(rad)
0.04 23.8 -3.8 -26.5 0.08 -0.15 -0.89 0 0 0 -0.1013 -0.0561 0.5813 0.077 0.177 2.066
0.07 23.8 -3.8 -26.5 0.01 -0.15 -0.82 0 0 0 -0.6198 0.0614 0.6548 0.085 0.162 2.092
0.10 23.2 -4.0 -24.9 -0.08 -0.10 -0.92 0 0 0 -1.2857 -1.3322 0.5440 0.058 0.136 2.112
0.13 23.2 -4.0 -24.9 -0.02 0.02 -1.11 0 0 0 -1.4776 -0.7822 -0.3046 0.026 0.097 2.114
0.16 22.1 -3.2 -24.5 -0.00 -0.02 -1.03 0 0 0 -0.7307 -0.1840 0.4139 0.016 0.056 2.115
0.19 22.1 -3.2 -24.5 -0.12 0.04 -1.15 0 0 0 -0.6564 -0.9690 0.1841 -0.001 0.040 2.126
0.22 20.9 -2.8 -25.6 -0.02 0.06 -1.13 0 0 0 -0.6122 -0.7115 -0.4002 -0.027 0.023 2.119
0.26 20.9 -2.8 -25.6 0.01 0.02 -1.07 0 0 0 -1.3064 1.1952 0.4708 -0.003 -0.021 2.121
0.29 20.8 -1.5 -26.4 -0.03 0.08 -1.15 0 0 0 -1.3797 0.7779 -0.0768 0.022 -0.056 2.126
0.32 20.8 -1.5 -26.4 0.29 -0.09 -1.35 0 0 0 -1.5878 -0.2499 0.1525 0.034 -0.096 2.126
0.35 22.2 0.3 -26.1 0.06 0.12 -2.00 0 0 0 -1.4687 -0.4838 1.2902 0.026 -0.162 2.155
0.38 22.2 0.3 -26.1 0.26 0.22 -2.00 0 0 0 -0.9934 -0.5623 0.8399 0.013 -0.188 2.186
0.41 22.1 3.1 -26.3 0.84 0.55 -1.99 0 0 0 -0.9438 0.0970 0.3726 0.012 -0.216 2.200
0.45 22.1 3.1 -26.3 0.90 0.83 -2.00 0 0 0 1.9829 1.6488 1.9917 0.049 -0.183 2.243
0.48 21.7 2.9 -25.9 0.15 0.89 -2.00 0 0 0 2.6104 1.1276 3.3687 0.102 -0.118 2.316
0.51 21.7 2.9 -25.9 -0.28 0.84 -0.84 0 0 0 4.4445 0.9269 3.1929 0.138 0.029 2.414
0.54 22.6 1.5 -25.4 -0.35 0.55 0.34 0 0 0 5.2588 0.3870 2.5826 0.147 0.174 2.471
0.57 22.6 1.5 -25.4 -0.08 0.37 0.57 0 0 0 4.3400 0.0575 2.0685 0.141 0.309 2.511
0.60 22.6 1.5 -25.4 -0.17 0.18 0.56 0 0 0 2.0258 0.4709 2.2234 0.123 0.450 2.594
0.63 22.6 1.5 -25.4 -0.49 0.04 0.58 0 0 0 1.3561 0.0155 1.9232 0.106 0.500 2.650
0.66 20.6 -20.4 -17.3 -0.71 -0.00 0.15 0 0 0 0.5244 -0.8122 1.3574 0.069 0.523 2.695
0.69 20.6 -20.4 -17.3 -1.28 -0.15 -0.40 0 0 0 -0.2600 -0.8173 1.1435 0.012 0.532 2.744
0.73 17.3 -23.7 -15.1 -1.90 -0.22 -1.15 0 0 0 -0.8563 -0.9320 1.0823 -0.028 0.514 2.778
0.76 17.3 -23.7 -15.1 -1.88 -0.29 -1.46 0 0 0 -0.4075 -1.4366 0.0940 -0.068 0.496 2.793
0.79 15.1 -24.1 -16.7 -1.36 -0.28 -1.12 0 0 0 1.4266 -1.7168 -1.7521 -0.127 0.525 2.747
0.82 15.1 -24.1 -16.7 -0.77 -0.23 -0.56 0 0 0 1.5490 -1.3931 -2.4675 -0.139 0.578 2.690
0.85 14.9 -23.0 -18.3 -0.32 -0.26 -0.61 0 0 0 0.5991 -3.0513 -2.3188 -0.156 0.622 2.588
0.88 14.9 -23.0 -18.3 0.27 0.14 -0.33 0 0 0 0.7625 -2.9093 -2.9130 -0.198 0.655 2.509
0.91 16.1 -21.7 -18.8 1.23 0.17 -0.98 0 0 0 -1.2543 0.5956 -3.8964 -0.146 0.661 2.389
0.94 16.1 -21.7 -18.8 1.17 0.11 -0.70 0 0 0 -0.3722 -2.4507 -1.7727 -0.091 0.638 2.256
0.98 17.3 -19.3 -19.9 1.04 -0.02 -0.81 0 0 0 -1.2274 -0.7251 -1.6721 -0.119 0.618 2.186
1.01 17.3 -19.3 -19.9 0.79 0.03 -0.51 0 0 0 -0.4190 0.0947 -1.2846 -0.090 0.598 2.132
1.04 18.1 -16.1 -20.7 0.54 0.14 -0.14 0 0 0 0.3811 0.2139 -0.8900 -0.065 0.607 2.093
1.07 18.1 -16.1 -20.7 0.48 0.27 0.07 0 0 0 0.3630 1.0927 -1.4026 -0.025 0.618 2.055
1.10 19.5 -14.6 -20.5 0.24 0.51 0.54 0 0 0 0.5089 1.3438 -1.5632 0.041 0.628 2.004
1.13 19.5 -14.6 -20.5 -0.10 0.50 0.42 0 0 0 -1.5449 -1.1057 -1.6495 0.096 0.619 1.923
1.16 21.3 -13.6 -19.9 -0.00 0.56 -1.33 0 0 0 -5.2441 -1.7136 -1.6505 0.085 0.501 1.878
1.19 21.3 -13.6 -19.9 -0.57 0.41 -2.00 0 0 0 -4.9263 -3.6054 -0.4591 0.017 0.363 1.856
1.23 21.1 -10.0 -22.2 -0.17 -0.02 -2.00 0 0 0 -5.5104 -1.5382 -1.4354 -0.075 0.171 1.828
1.26 21.1 -10.0 -22.2 0.84 -0.27 -1.99 0 0 0 -3.6102 0.6023 -3.3815 -0.074 0.062 1.749
1.29 17.9 0.7 -26.6 1.21 -0.51 -1.98 0 0 0 -1.5116 -0.6528 -1.7134 -0.053 -0.032 1.608
1.32 17.9 0.7 -26.6 0.80 -0.45 -1.99 0 0 0 -0.7832 -1.3792 0.5313 -0.090 -0.062 1.598
1.35 16.1 7.4 -27.5 0.86 -0.09 -1.99 0 0 0 0.2747 0.3974 0.9030 -0.098 -0.069 1.622
1.38 16.1 7.4 -27.5 1.36 0.28 -1.42 0 0 0 1.5520 2.0071 0.0834 -0.045 -0.032 1.636
1.41 16.3 9.5 -27.7 1.67 0.46 -0.98 0 0 0 2.0272 1.4477 0.1371 -0.000 0.016 1.639
1.44 16.3 9.5 -27.7 1.45 0.66 -1.56 0 0 0 1.4676 0.5820 1.3271 0.025 0.065 1.658
1.48 17.5 6.8 -27.5 0.47 0.49 -1.13 0 0 0 1.4445 1.8225 2.5660 0.080 0.114 1.751
1.51 17.5 6.8 -27.5 -0.43 0.24 -1.15 0 0 0 1.0394 -0.1783 2.8772 0.092 0.156 1.819
1.54 19.3 2.0 -26.7 -0.97 -0.12 -1.14 0 0 0 -0.2937 -0.3958 2.4759 0.053 0.165 1.892
1.57 19.3 2.0 -26.7 -1.39 -0.38 -0.80 0 0 0 0.7019 1.4787 2.4193 0.083 0.181 1.973
1.60 19.5 -1.1 -25.7 -1.39 -0.38 -0.80 0 0 0 0.0652 -0.6153 2.5477 0.074 0.196 2.045
1.63 19.5 -1.1 -25.7 -1.15 -0.32 -0.92 0 0 0 -0.5985 0.6009 0.8657 0.061 0.190 2.089
1.66 19.2 -4.7 -24.4 -0.59 -0.28 -1.05 0 0 0 0.1057 0.3424 1.3192 0.109 0.176 2.121
1.70 19.2 -4.7 -24.4 -0.51 -0.29 -1.01 0 0 0 0.3010 0.6070 1.0552 0.105 0.187 2.157
1.73 21.5 -6.2 -23.5 -0.13 -0.42 -0.81 0 0 0 0.1720 -0.2507 0.4301 0.104 0.198 2.171
1.76 21.5 -6.2 -23.5 -0.14 -0.35 -0.83 0 0 0 0.3599 -0.7530 1.0369 0.057 0.218 2.201
1.79 22.9 -7.9 -22.6 -0.18 -0.32 -0.89 0 0 0 0.3545 -0.0396 1.1494 0.041 0.232 2.231
1.82 22.9 -7.9 -22.6 -0.08 -0.32 -0.74 0 0 0 -0.1160 0.5386 0.7468 0.048 0.237 2.262
1.85 21.8 -9.8 -23.3 0.03 -0.39 -0.91 0 0 0 -0.7012 0.4553 0.5519 0.057 0.221 2.288
