iPhone Sensor Log from Crossbow started at Dec 16, 2011 19:33:09 Pacific Standard Time.
ElapsedTime(s) xMag(uT) yMag(uT) zMag(uT) xAccel(g) yAccel(g) zAccel(g) latitude(deg) longitude(deg) altitude(m) xRate(rad/sec) yRate(rad/sec) zRate(rad/sec) roll(rad) pitch(rad) yaw(rad)
0.05 22.9 -4.5 -22.1 0.07 0.01 -1.09 0 0 0 -0.0812 -0.3914 0.3107 0.096 -0.022 1.114
0.08 21.8 -4.7 -22.9 0.01 0.03 -0.99 0 0 0 0.0450 -0.4648 -0.0487 0.077 -0.017 1.119
0.11 21.8 -4.7 -22.9 0.10 0.01 -1.01 0 0 0 -0.4377 0.3239 -0.2858 0.077 -0.024 1.114
0.14 21.2 -4.7 -22.6 0.10 -0.02 -0.97 0 0 0 -1.4570 -0.2269 -0.2713 0.084 -0.061 1.104
0.17 21.2 -4.7 -22.6 0.02 0.13 -1.01 0 0 0 -1.5373 -0.1445 0.0039 0.074 -0.101 1.104
0.21 21.4 -2.7 -22.9 0.17 0.09 -1.40 0 0 0 -1.7983 1.3368 -0.2372 0.098 -0.148 1.107
0.24 21.4 -2.7 -22.9 0.45 -0.04 -1.58 0 0 0 -1.6706 1.3511 0.2435 0.167 -0.219 1.110
0.27 22.6 1.3 -22.2 0.59 0.49 -2.00 0 0 0 -1.7822 -1.4522 -0.2792 0.169 -0.267 1.117
0.30 22.6 1.3 -22.2 1.00 0.36 -1.99 0 0 0 -1.6908 -2.6218 0.5019 0.101 -0.310 1.128
0.33 22.5 2.8 -22.4 0.84 0.87 -2.00 0 0 0 0.5756 -0.7437 1.3796 0.066 -0.333 1.167
0.36 22.5 2.8 -22.4 0.36 1.46 -2.01 0 0 0 2.3809 -1.3426 1.9492 0.048 -0.282 1.214
0.39 20.5 -0.4 -23.7 -0.28 1.27 -0.32 0 0 0 5.0395 -0.5724 1.8186 0.035 -0.184 1.260
0.42 20.5 -0.4 -23.7 -0.43 0.77 0.97 0 0 0 3.9278 -0.5008 1.5839 0.013 0.049 1.335
0.46 17.3 -6.1 -23.6 -0.11 0.63 0.88 0 0 0 2.4621 -0.6067 0.9267 -0.001 0.124 1.365
0.49 17.3 -6.1 -23.6 -0.46 0.57 0.87 0 0 0 2.0288 -1.1911 1.0153 -0.050 0.208 1.399
0.52 15.7 -12.1 -23.2 -1.10 0.18 0.60 0 0 0 0.8955 0.1040 0.8844 -0.067 0.241 1.426
0.55 15.7 -12.1 -23.2 -1.88 -0.07 -0.07 0 0 0 0.0474 -0.3090 0.8270 -0.077 0.249 1.452
0.58 15.2 -15.5 -22.7 -2.05 0.01 -0.45 0 0 0 0.0142 -2.0448 -0.9554 -0.130 0.255 1.444
0.61 15.2 -15.5 -22.7 -1.99 0.06 -0.40 0 0 0 -0.0661 -2.1648 -0.8375 -0.184 0.260 1.418
0.64 14.1 -15.5 -23.2 -1.46 0.07 -0.90 0 0 0 -1.0754 -0.4692 -2.5371 -0.196 0.245 1.364
0.68 14.1 -15.5 -23.2 -0.14 0.50 -1.05 0 0 0 -0.6839 -2.0547 -3.5338 -0.220 0.246 1.247
0.71 13.2 -12.0 -25.0 0.81 0.75 -1.31 0 0 0 -0.5486 -0.3737 -3.1639 -0.235 0.250 1.155
0.74 13.2 -12.0 -25.0 1.51 0.54 -0.95 0 0 0 -0.6096 -0.2819 -3.9729 -0.203 0.247 1.047
0.77 13.1 -8.6 -25.9 1.85 0.07 -0.64 0 0 0 -0.2025 -1.9725 -1.7910 -0.276 0.278 0.917
0.80 13.1 -8.6 -25.9 0.64 -0.01 0.12 0 0 0 0.0203 -0.1313 0.1633 -0.288 0.277 0.900
0.83 12.1 -7.4 -27.2 1.05 -0.24 1.46 0 0 0 0.4068 0.1120 -0.5908 -0.283 0.284 0.894
0.86 12.1 -7.4 -27.2 1.29 0.31 1.65 0 0 0 0.7699 0.7853 -0.2296 -0.270 0.319 0.888
0.89 11.9 -7.4 -27.5 0.68 0.94 1.31 0 0 0 0.3397 0.4415 0.4455 -0.255 0.331 0.896
0.93 11.9 -7.4 -27.5 0.39 0.86 -0.45 0 0 0 -2.4825 0.7585 0.2833 -0.219 0.256 0.882
0.96 13.2 -7.3 -26.8 -0.38 0.41 -2.00 0 0 0 -3.2356 1.3732 -0.2317 -0.186 0.184 0.873
0.99 13.2 -7.3 -26.8 0.06 0.04 -1.99 0 0 0 -1.6841 0.7607 -1.4707 -0.156 0.122 0.834
1.02 14.6 -4.5 -26.3 0.18 -0.34 -1.99 0 0 0 -1.8777 0.0531 -1.5958 -0.139 0.085 0.782
1.05 14.6 -4.5 -26.3 0.76 -0.56 -1.99 0 0 0 -0.8044 -0.8485 -0.8074 -0.155 0.043 0.736
1.08 16.4 -0.3 -26.4 1.28 -0.47 -1.83 0 0 0 -0.4709 0.7918 -0.5271 -0.157 0.030 0.716
1.11 16.4 -0.3 -26.4 2.06 0.02 -0.93 0 0 0 0.9070 0.6758 -0.2408 -0.092 0.048 0.697
1.14 17.4 -0.1 -26.9 2.06 0.42 -1.10 0 0 0 1.0121 -1.0458 1.6231 -0.108 0.075 0.721
1.17 17.4 -0.1 -26.9 1.39 0.50 -1.41 0 0 0 0.6141 1.3064 1.6269 -0.110 0.088 0.768
1.21 18.2 -2.0 -27.7 -0.21 0.49 -1.88 0 0 0 0.1333 0.1735 2.5158 -0.073 0.095 0.837
1.24 18.2 -2.0 -27.7 -1.73 -0.00 -1.87 0 0 0 0.0708 -1.2638 3.6889 -0.104 0.084 0.925
1.27 17.5 -3.2 -27.6 -2.04 -0.24 -1.33 0 0 0 0.4028 1.6759 2.0375 -0.086 0.095 1.031
1.30 17.5 -3.2 -27.6 -1.46 -0.14 -1.32 0 0 0 -0.2976 0.4785 0.3080 -0.073 0.092 1.065
1.33 16.7 -6.9 -26.5 -1.12 -0.12 -0.99 0 0 0 0.6872 1.2349 0.6903 -0.054 0.097 1.076
1.36 16.7 -6.9 -26.5 -0.68 -0.17 -1.27 0 0 0 -0.1730 0.5676 0.9152 -0.020 0.107 1.108
1.39 17.8 -8.5 -25.4 -0.48 -0.09 -0.92 0 0 0 0.6050 0.2063 0.5742 -0.010 0.111 1.125
1.43 17.8 -8.5 -25.4 -0.34 -0.13 -0.76 0 0 0 0.6985 -0.1662 0.5880 -0.019 0.133 1.141
1.46 18.9 -9.2 -25.7 -0.21 -0.19 -0.93 0 0 0 0.2748 0.1939 0.7529 -0.022 0.145 1.159
1.49 18.9 -9.2 -25.7 -0.36 -0.09 -0.90 0 0 0 -0.1972 0.2225 0.2833 -0.002 0.136 1.183
1.52 18.7 -9.4 -25.0 -0.05 -0.11 -0.93 0 0 0 0.9517 -1.1583 0.8328 -0.035 0.151 1.199
